[['2009.07.1722:45', 1.4103, 1.41055, 1.40997, 1.41008, 229.0, 0.2],
['2009.07.1722:30', 1.4099, 1.41061, 1.40984, 1.41031, 209.0, 0.2],
['2009.07.1722:15', 1.41025, 1.41037, 1.4097, 1.40989, 325.0, 0.2],
['2009.07.1722:00', 1.40996, 1.41026, 1.40968, 1.41023, 316.0, 0.2],
['2009.07.1721:45', 1.41112, 1.41116, 1.40955, 1.40995, 606.0, 0.2],
['2009.07.1721:30', 1.41101, 1.41118, 1.41046, 1.41107, 677.0, 0.2],
['2009.07.1721:15', 1.41273, 1.41273, 1.41101, 1.41104, 664.0, 0.2],
['2009.07.1721:00', 1.41391, 1.41411, 1.41268, 1.41272, 626.0, 0.2],
['2009.07.1720:45', 1.41429, 1.41467, 1.41368, 1.41391, 763.0, 0.2],
['2009.07.1720:30', 1.41314, 1.41436, 1.41304, 1.4143, 760.0, 0.2],
['2009.07.1720:15', 1.41278, 1.41328, 1.41259, 1.41315, 542.0, 1],
['2009.07.1720:00', 1.41348, 1.41362, 1.41268, 1.41279, 500.0, 1],
['2009.07.1719:45', 1.41346, 1.41356, 1.41303, 1.4135, 650.0, 1],
['2009.07.1719:30', 1.41276, 1.41358, 1.41272, 1.41347, 941.0, 1],
['2009.07.1719:15', 1.41304, 1.41336, 1.41257, 1.41277, 785.0, 1],
['2009.07.1719:00', 1.4133, 1.4137, 1.41298, 1.41302, 666.0, 1],
['2009.07.1718:45', 1.4125, 1.41362, 1.41237, 1.41331, 872.0, 1],
['2009.07.1718:30', 1.41212, 1.41324, 1.41104, 1.4125, 925.0, 1],
['2009.07.1718:15', 1.41209, 1.41261, 1.41144, 1.41215, 876.0, 1],
['2009.07.1718:00', 1.41189, 1.41237, 1.41139, 1.4121, 722.0, 1],
['2009.07.1717:45', 1.41183, 1.41209, 1.41128, 1.41187, 1002.0, 1],
['2009.07.1717:30', 1.41122, 1.41198, 1.41091, 1.41184, 814.0, 1],
['2009.07.1717:15', 1.4108, 1.41126, 1.41041, 1.41125, 1113.0, 1],
['2009.07.1717:00', 1.41108, 1.4111, 1.41032, 1.41081, 1176.0, 1],
['2009.07.1716:45', 1.41114, 1.4118, 1.41072, 1.41103, 1168.0, 1],
['2009.07.1716:30', 1.41234, 1.41251, 1.41105, 1.41113, 1204.0, 0.2],
['2009.07.1716:15', 1.41093, 1.41297, 1.41062, 1.41235, 1332.0, 0.2],
['2009.07.1716:00', 1.41129, 1.41138, 1.41059, 1.41091, 1270.0, 0.2],
['2009.07.1715:45', 1.41122, 1.4117, 1.41021, 1.41128, 1216.0, 0.2],
['2009.07.1715:30', 1.41166, 1.41216, 1.41053, 1.41121, 1265.0, 0.2],
['2009.07.1715:15', 1.4113, 1.41216, 1.41122, 1.41172, 1241.0, 0.2],
['2009.07.1715:00', 1.4096, 1.41208, 1.40951, 1.41129, 1653.0, 0.2],
['2009.07.1714:45', 1.40788, 1.40973, 1.40728, 1.40962, 1183.0, 0.2],
['2009.07.1714:30', 1.4072, 1.40846, 1.40692, 1.40783, 1415.0, 0.2],
['2009.07.1714:15', 1.40914, 1.40914, 1.40633, 1.40723, 1517.0, 0.2],
['2009.07.1714:00', 1.40916, 1.41053, 1.40893, 1.40914, 1070.0, 0.2],
['2009.07.1713:45', 1.40877, 1.40918, 1.40836, 1.40915, 836.0, 0.2],
['2009.07.1713:30', 1.40913, 1.40965, 1.40868, 1.40874, 777.0, 0.2],
['2009.07.1713:15', 1.4089, 1.40943, 1.40854, 1.40914, 1015.0, 0.2],
['2009.07.1713:00', 1.40875, 1.40948, 1.40851, 1.40892, 849.0, 0.2],
['2009.07.1712:45', 1.40973, 1.4098, 1.40863, 1.40872, 865.0, 0.2],
['2009.07.1712:30', 1.41007, 1.41034, 1.40953, 1.40974, 876.0, 0.2],
['2009.07.1712:15', 1.41046, 1.41072, 1.40982, 1.41006, 568.0, 0.2],
['2009.07.1712:00', 1.41042, 1.41064, 1.40978, 1.41044, 691.0, 0.2],
['2009.07.1711:45', 1.41136, 1.41138, 1.4099, 1.41039, 983.0, 0.2],
['2009.07.1711:30', 1.41015, 1.41162, 1.41001, 1.4114, 953.0, 0.2],
['2009.07.1711:15', 1.40998, 1.41031, 1.40937, 1.41016, 899.0, 0.2],
['2009.07.1711:00', 1.40984, 1.41076, 1.40967, 1.40995, 918.0, 0.2],
['2009.07.1710:45', 1.40956, 1.41024, 1.40947, 1.40981, 996.0, 0.2],
['2009.07.1710:30', 1.41045, 1.41045, 1.40896, 1.40958, 1229.0, 0.2],
['2009.07.1710:15', 1.40896, 1.41096, 1.40879, 1.41042, 1262.0, 0.2],
['2009.07.1710:00', 1.40819, 1.40909, 1.40755, 1.40894, 1416.0, 0.2],
['2009.07.1709:45', 1.40888, 1.40911, 1.40811, 1.4082, 1148.0, 0.2],
['2009.07.1709:30', 1.40904, 1.4095, 1.40817, 1.4089, 1263.0, 0.2],
['2009.07.1709:15', 1.40868, 1.40959, 1.4084, 1.40903, 1349.0, 0.2],
['2009.07.1709:00', 1.4089, 1.40891, 1.40786, 1.40867, 1327.0, 0.2],
['2009.07.1708:45', 1.40923, 1.40948, 1.40793, 1.40889, 1285.0, 0.2],
['2009.07.1708:30', 1.4115, 1.41155, 1.40824, 1.40922, 1691.0, 0.2],
['2009.07.1708:15', 1.41132, 1.41199, 1.41121, 1.41149, 780.0, 1],
['2009.07.1708:00', 1.4118, 1.41286, 1.41101, 1.41129, 883.0, 1],
['2009.07.1707:45', 1.41205, 1.41323, 1.41172, 1.41183, 853.0, 1],
['2009.07.1707:30', 1.41178, 1.41223, 1.41152, 1.41208, 481.0, 1],
['2009.07.1707:15', 1.4118, 1.41255, 1.41167, 1.41176, 609.0, 1],
['2009.07.1707:00', 1.41171, 1.41184, 1.4111, 1.4118, 605.0, 1],
['2009.07.1706:45', 1.41183, 1.41234, 1.41163, 1.41172, 544.0, 1],
['2009.07.1706:30', 1.41123, 1.41211, 1.41104, 1.41183, 512.0, 1],
['2009.07.1706:15', 1.41073, 1.41156, 1.41058, 1.41128, 434.0, 1],
['2009.07.1706:00', 1.41148, 1.41187, 1.41059, 1.41074, 634.0, 1],
['2009.07.1705:45', 1.412, 1.41208, 1.41095, 1.41154, 857.0, 1],
['2009.07.1705:30', 1.41194, 1.41264, 1.41175, 1.41204, 742.0, 1],
['2009.07.1705:15', 1.41137, 1.41204, 1.41115, 1.41193, 450.0, 1],
['2009.07.1705:00', 1.41074, 1.41173, 1.41059, 1.41138, 581.0, 1],
['2009.07.1704:45', 1.41031, 1.41119, 1.41031, 1.41076, 639.0, 1],
['2009.07.1704:30', 1.41096, 1.41105, 1.41009, 1.41034, 508.0, 1],
['2009.07.1704:15', 1.41029, 1.41101, 1.40986, 1.41095, 635.0, 1],
['2009.07.1704:00', 1.41028, 1.41058, 1.40986, 1.41029, 711.0, 1],
['2009.07.1703:45', 1.4098, 1.41068, 1.40972, 1.41023, 589.0, 1],
['2009.07.1703:30', 1.41144, 1.41144, 1.40939, 1.40977, 901.0, 0.2],
['2009.07.1703:15', 1.41145, 1.41189, 1.41127, 1.41146, 539.0, 0.2],
['2009.07.1703:00', 1.41185, 1.41185, 1.4112, 1.41144, 550.0, 0.2],
['2009.07.1702:45', 1.4131, 1.4131, 1.41139, 1.41187, 584.0, 0.2],
['2009.07.1702:30', 1.41316, 1.41336, 1.41247, 1.41308, 546.0, 1],
['2009.07.1702:15', 1.41358, 1.41358, 1.41299, 1.41315, 462.0, 1],
['2009.07.1702:00', 1.4131, 1.4139, 1.41278, 1.41359, 376.0, 1],
['2009.07.1701:45', 1.41332, 1.41332, 1.41268, 1.41312, 263.0, 1],
['2009.07.1701:30', 1.41376, 1.41376, 1.41281, 1.41331, 280.0, 1],
['2009.07.1701:15', 1.41406, 1.41413, 1.41372, 1.41374, 194.0, 1],
['2009.07.1701:00', 1.41392, 1.41416, 1.41337, 1.41408, 318.0, 1],
['2009.07.1700:45', 1.41346, 1.41429, 1.41345, 1.41397, 273.0, 1],
['2009.07.1700:30', 1.4138, 1.41393, 1.41325, 1.41345, 211.0, 1],
['2009.07.1700:15', 1.41305, 1.41407, 1.41299, 1.41387, 236.0, 1],
['2009.07.1700:00', 1.41397, 1.41448, 1.41299, 1.41305, 442.0, 1],
['2009.07.1623:45', 1.41441, 1.41443, 1.41392, 1.41392, 124.0, 1],
['2009.07.1623:30', 1.41425, 1.41458, 1.4138, 1.41442, 219.0, 1],
['2009.07.1623:15', 1.41475, 1.41483, 1.4139, 1.41423, 201.0, 1],
['2009.07.1623:00', 1.41474, 1.41503, 1.41445, 1.41471, 138.0, 1],
['2009.07.1622:45', 1.41526, 1.41531, 1.41476, 1.41477, 230.0, 1],
['2009.07.1622:30', 1.41589, 1.41606, 1.41504, 1.41529, 439.0, 1],
['2009.07.1622:15', 1.41425, 1.41593, 1.41424, 1.41593, 445.0, 0.2],
['2009.07.1622:00', 1.41414, 1.4145, 1.41361, 1.41426, 517.0, 0.2],
['2009.07.1621:45', 1.41495, 1.41504, 1.41382, 1.41413, 661.0, 0.2],
['2009.07.1621:30', 1.41351, 1.41499, 1.41342, 1.41493, 721.0, 0.2],
['2009.07.1621:15', 1.4141, 1.41422, 1.41322, 1.41351, 585.0, 0.2],
['2009.07.1621:00', 1.41463, 1.41468, 1.41364, 1.41412, 480.0, 0.2],
['2009.07.1620:45', 1.41435, 1.41497, 1.41415, 1.41464, 809.0, 0.2],
['2009.07.1620:30', 1.41464, 1.4149, 1.414, 1.41434, 789.0, 0.2],
['2009.07.1620:15', 1.41375, 1.41481, 1.41349, 1.41467, 867.0, 0.2],
['2009.07.1620:00', 1.4123, 1.41375, 1.41205, 1.41375, 895.0, 0.2],
['2009.07.1619:45', 1.41158, 1.4124, 1.41135, 1.41229, 870.0, 1],
['2009.07.1619:30', 1.41096, 1.41173, 1.41069, 1.41153, 697.0, 1],
['2009.07.1619:15', 1.41101, 1.41119, 1.41069, 1.41093, 564.0, 1],
['2009.07.1619:00', 1.41159, 1.41208, 1.41073, 1.41103, 668.0, 1],
['2009.07.1618:45', 1.41217, 1.41264, 1.4115, 1.41161, 637.0, 1],
['2009.07.1618:30', 1.41186, 1.41258, 1.4116, 1.41214, 877.0, 1],
['2009.07.1618:15', 1.41144, 1.41195, 1.41091, 1.41189, 771.0, 1],
['2009.07.1618:00', 1.41142, 1.4119, 1.4113, 1.41144, 856.0, 1],
['2009.07.1617:45', 1.41049, 1.4116, 1.41037, 1.41141, 1096.0, 1],
['2009.07.1617:30', 1.41096, 1.41136, 1.41014, 1.41052, 1091.0, 1],
['2009.07.1617:15', 1.41175, 1.41183, 1.41068, 1.41093, 1180.0, 0.2],
['2009.07.1617:00', 1.41126, 1.41278, 1.41113, 1.41176, 1410.0, 0.2],
['2009.07.1616:45', 1.41093, 1.41194, 1.4108, 1.4113, 1463.0, 0.2],
['2009.07.1616:30', 1.41161, 1.41196, 1.41082, 1.41094, 1289.0, 0.2],
['2009.07.1616:15', 1.41049, 1.41169, 1.41014, 1.41141, 1553.0, 0.2],
['2009.07.1616:00', 1.41321, 1.41321, 1.40956, 1.41048, 1642.0, 0.2],
['2009.07.1615:45', 1.41259, 1.4136, 1.41222, 1.41301, 1409.0, 0.2],
['2009.07.1615:30', 1.41215, 1.41312, 1.4116, 1.41256, 1898.0, 0.2],
['2009.07.1615:15', 1.41335, 1.4136, 1.4115, 1.41213, 1643.0, 0.2],
['2009.07.1615:00', 1.41371, 1.41521, 1.41285, 1.41332, 1336.0, 0.2],
['2009.07.1614:45', 1.41341, 1.41406, 1.41271, 1.41358, 854.0, 0.2],
['2009.07.1614:30', 1.41404, 1.41652, 1.41319, 1.41344, 1072.0, 0.2],
['2009.07.1614:15', 1.41298, 1.41446, 1.41256, 1.41407, 1142.0, 0.2],
['2009.07.1614:00', 1.41265, 1.41366, 1.41265, 1.41303, 1177.0, 0.2],
['2009.07.1613:45', 1.41331, 1.4135, 1.41262, 1.41263, 1354.0, 0.2],
['2009.07.1613:30', 1.4139, 1.41509, 1.41306, 1.4133, 1824.0, 0.2],
['2009.07.1613:15', 1.41119, 1.41416, 1.4107, 1.41389, 1472.0, 0.2],
['2009.07.1613:00', 1.41174, 1.41174, 1.41, 1.4112, 1578.0, 0.2],
['2009.07.1612:45', 1.41174, 1.4127, 1.41048, 1.41174, 1649.0, 0.2],
['2009.07.1612:30', 1.4097, 1.41366, 1.40968, 1.41177, 2584.0, 0.2],
['2009.07.1612:15', 1.40814, 1.41057, 1.40782, 1.40968, 1160.0, 0.2],
['2009.07.1612:00', 1.40841, 1.40841, 1.4071, 1.40811, 969.0, 0.2],
['2009.07.1611:45', 1.40832, 1.40869, 1.40801, 1.40839, 920.0, 0.2],
['2009.07.1611:30', 1.40758, 1.40836, 1.40753, 1.40833, 823.0, 0.2],
['2009.07.1611:15', 1.40848, 1.4085, 1.40716, 1.40757, 991.0, 0.2],
['2009.07.1611:00', 1.40798, 1.40858, 1.40733, 1.40847, 1117.0, 0.2],
['2009.07.1610:45', 1.4083, 1.40869, 1.4076, 1.40803, 1078.0, 0.2],
['2009.07.1610:30', 1.40728, 1.40826, 1.4071, 1.40826, 1166.0, 0.2],
['2009.07.1610:15', 1.40779, 1.40835, 1.40704, 1.4073, 1207.0, 0.2],
['2009.07.1610:00', 1.40908, 1.40935, 1.40745, 1.40777, 1378.0, 0.2],
['2009.07.1609:45', 1.40903, 1.41038, 1.40873, 1.40913, 1443.0, 0.2],
['2009.07.1609:30', 1.40904, 1.40993, 1.40862, 1.40902, 1370.0, 0.2],
['2009.07.1609:15', 1.40697, 1.40969, 1.40659, 1.40903, 1495.0, 0.2],
['2009.07.1609:00', 1.40639, 1.4074, 1.40588, 1.40697, 1618.0, 0.2],
['2009.07.1608:45', 1.40811, 1.40811, 1.40557, 1.40637, 1416.0, 0.2],
['2009.07.1608:30', 1.40738, 1.40823, 1.40696, 1.40813, 951.0, 0.2],
['2009.07.1608:15', 1.40856, 1.40856, 1.4065, 1.40739, 1045.0, 0.2],
['2009.07.1608:00', 1.40776, 1.40857, 1.40774, 1.40855, 981.0, 0.2],
['2009.07.1607:45', 1.40847, 1.40847, 1.40717, 1.40773, 741.0, 1],
['2009.07.1607:30', 1.40768, 1.40865, 1.40768, 1.40847, 759.0, 1],
['2009.07.1607:15', 1.40758, 1.4081, 1.40708, 1.40768, 699.0, 1],
['2009.07.1607:00', 1.40699, 1.40769, 1.40674, 1.40761, 720.0, 1],
['2009.07.1606:45', 1.40684, 1.40744, 1.40668, 1.40702, 660.0, 1],
['2009.07.1606:30', 1.40674, 1.40725, 1.40658, 1.40688, 593.0, 1],
['2009.07.1606:15', 1.40648, 1.40735, 1.40639, 1.40671, 756.0, 1],
['2009.07.1606:00', 1.4072, 1.40738, 1.40637, 1.40647, 904.0, 1],
['2009.07.1605:45', 1.40742, 1.40816, 1.40705, 1.40724, 672.0, 1],
['2009.07.1605:30', 1.40683, 1.40746, 1.4066, 1.40738, 457.0, 1],
['2009.07.1605:15', 1.40728, 1.40729, 1.40608, 1.40687, 576.0, 1],
['2009.07.1605:00', 1.40684, 1.4078, 1.40683, 1.40731, 580.0, 1],
['2009.07.1604:45', 1.40626, 1.40737, 1.4062, 1.40682, 491.0, 1],
['2009.07.1604:30', 1.40669, 1.40669, 1.40612, 1.40627, 451.0, 1],
['2009.07.1604:15', 1.407, 1.40732, 1.4066, 1.4067, 711.0, 1],
['2009.07.1604:00', 1.40842, 1.40874, 1.40686, 1.40701, 771.0, 0.2],
['2009.07.1603:45', 1.40821, 1.40854, 1.40721, 1.40844, 565.0, 0.2],
['2009.07.1603:30', 1.40767, 1.4085, 1.40759, 1.40821, 625.0, 0.2],
['2009.07.1603:15', 1.40687, 1.408, 1.40673, 1.40766, 531.0, 0.2],
['2009.07.1603:00', 1.40766, 1.40766, 1.40661, 1.40681, 503.0, 0.2],
['2009.07.1602:45', 1.4075, 1.40788, 1.4073, 1.40766, 477.0, 0.2],
['2009.07.1602:30', 1.40955, 1.40955, 1.40724, 1.40752, 771.0, 0.2],
['2009.07.1602:15', 1.40994, 1.40996, 1.40916, 1.40955, 441.0, 0.2],
['2009.07.1602:00', 1.40928, 1.41041, 1.40891, 1.40997, 504.0, 0.2],
['2009.07.1601:45', 1.40941, 1.40946, 1.40869, 1.40928, 395.0, 0.2],
['2009.07.1601:30', 1.40858, 1.40942, 1.40841, 1.40942, 313.0, 0.2],
['2009.07.1601:15', 1.40875, 1.40915, 1.4084, 1.40856, 336.0, 0.2],
['2009.07.1601:00', 1.41009, 1.41064, 1.40859, 1.40874, 355.0, 0.2],
['2009.07.1600:45', 1.40948, 1.41029, 1.40918, 1.4101, 325.0, 1],
['2009.07.1600:30', 1.40946, 1.40955, 1.40918, 1.40947, 270.0, 1],
['2009.07.1600:15', 1.40963, 1.40971, 1.40909, 1.40948, 255.0, 1],
['2009.07.1600:00', 1.41009, 1.41043, 1.40926, 1.40961, 417.0, 1],
['2009.07.1523:45', 1.41056, 1.41056, 1.40984, 1.41011, 213.0, 1],
['2009.07.1523:30', 1.4111, 1.41111, 1.41046, 1.41053, 301.0, 1],
['2009.07.1523:15', 1.41075, 1.41154, 1.41068, 1.41115, 361.0, 1],
['2009.07.1523:00', 1.41065, 1.41109, 1.41056, 1.41081, 147.0, 1],
['2009.07.1522:45', 1.41058, 1.41075, 1.41006, 1.4107, 330.0, 1],
['2009.07.1522:30', 1.4103, 1.41071, 1.41025, 1.41062, 243.0, 1],
['2009.07.1522:15', 1.41073, 1.41084, 1.41014, 1.41033, 226.0, 1],
['2009.07.1522:00', 1.41064, 1.41107, 1.41027, 1.41075, 508.0, 1],
['2009.07.1521:45', 1.41117, 1.41172, 1.41067, 1.41067, 655.0, 1],
['2009.07.1521:30', 1.41154, 1.4118, 1.41108, 1.41116, 494.0, 1],
['2009.07.1521:15', 1.41186, 1.41221, 1.411, 1.41154, 700.0, 1],
['2009.07.1521:00', 1.41275, 1.41308, 1.4118, 1.41185, 736.0, 0.2],
['2009.07.1520:45', 1.41156, 1.41319, 1.41141, 1.41273, 903.0, 0.2],
['2009.07.1520:30', 1.41163, 1.41203, 1.411, 1.41152, 837.0, 0.2],
['2009.07.1520:15', 1.41147, 1.41245, 1.41124, 1.41165, 1089.0, 0.2],
['2009.07.1520:00', 1.41177, 1.41338, 1.41068, 1.41148, 771.0, 0.2],
['2009.07.1519:45', 1.41176, 1.41249, 1.41111, 1.41179, 630.0, 0.2],
['2009.07.1519:30', 1.41092, 1.41193, 1.41079, 1.41171, 892.0, 0.2],
['2009.07.1519:15', 1.40985, 1.41128, 1.40955, 1.41092, 888.0, 0.2],
['2009.07.1519:00', 1.40929, 1.41082, 1.40922, 1.40987, 886.0, 0.2],
['2009.07.1518:45', 1.41016, 1.41117, 1.40909, 1.4093, 988.0, 0.2],
['2009.07.1518:30', 1.41017, 1.41137, 1.4099, 1.41021, 832.0, 0.2],
['2009.07.1518:15', 1.40994, 1.41084, 1.40981, 1.41018, 1109.0, 0.2],
['2009.07.1518:00', 1.41148, 1.41176, 1.40984, 1.40998, 1009.0, 0.2],
['2009.07.1517:45', 1.41081, 1.41178, 1.41036, 1.4115, 1193.0, 0.2],
['2009.07.1517:30', 1.41048, 1.41178, 1.41009, 1.41082, 1517.0, 0.2],
['2009.07.1517:15', 1.41031, 1.41123, 1.40985, 1.41048, 1572.0, 0.2],
['2009.07.1517:00', 1.40834, 1.41031, 1.40834, 1.4103, 1602.0, 0.2],
['2009.07.1516:45', 1.4088, 1.40939, 1.40765, 1.40834, 1557.0, 0.2],
['2009.07.1516:30', 1.41052, 1.4112, 1.40875, 1.4088, 1738.0, 0.2],
['2009.07.1516:15', 1.40831, 1.41081, 1.40765, 1.41051, 1695.0, 0.2],
['2009.07.1516:00', 1.40908, 1.4092, 1.40724, 1.4083, 1636.0, 0.2],
['2009.07.1515:45', 1.40989, 1.41021, 1.40859, 1.4091, 1589.0, 0.2],
['2009.07.1515:30', 1.40905, 1.41025, 1.4077, 1.40988, 1496.0, 0.2],
['2009.07.1515:15', 1.40866, 1.40924, 1.40755, 1.40906, 862.0, 0.2],
['2009.07.1515:00', 1.40927, 1.40979, 1.40839, 1.40852, 1151.0, 0.2],
['2009.07.1514:45', 1.40876, 1.41013, 1.4085, 1.40925, 1612.0, 0.2],
['2009.07.1514:30', 1.40838, 1.40971, 1.40789, 1.40871, 1196.0, 0.2],
['2009.07.1514:15', 1.40871, 1.40924, 1.4078, 1.40841, 900.0, 0.2],
['2009.07.1514:00', 1.40759, 1.40914, 1.40752, 1.40869, 1169.0, 0.2],
['2009.07.1513:45', 1.40807, 1.40844, 1.40669, 1.40758, 1195.0, 0.2],
['2009.07.1513:30', 1.40648, 1.40853, 1.40625, 1.4081, 1070.0, 0.2],
['2009.07.1513:15', 1.40702, 1.40716, 1.40579, 1.40646, 881.0, 0.2],
['2009.07.1513:00', 1.40773, 1.40795, 1.40657, 1.40703, 1012.0, 0.2],
['2009.07.1512:45', 1.40587, 1.40821, 1.40554, 1.40811, 970.0, 0.2],
['2009.07.1512:30', 1.40626, 1.40626, 1.4054, 1.40585, 841.0, 0.2],
['2009.07.1512:15', 1.4051, 1.40632, 1.40488, 1.40626, 845.0, 0.2],
['2009.07.1512:00', 1.40583, 1.40629, 1.40514, 1.40515, 883.0, 0.2],
['2009.07.1511:45', 1.40601, 1.40621, 1.4054, 1.40585, 528.0, 0.2],
['2009.07.1511:30', 1.40627, 1.40633, 1.4058, 1.40601, 795.0, 0.2],
['2009.07.1511:15', 1.40575, 1.40664, 1.40565, 1.40629, 948.0, 0.2],
['2009.07.1511:00', 1.40454, 1.40585, 1.40409, 1.40575, 787.0, 0.2],
['2009.07.1510:45', 1.40432, 1.4047, 1.40385, 1.40451, 793.0, 0.2],
['2009.07.1510:30', 1.40551, 1.40576, 1.40432, 1.40439, 969.0, 0.2],
['2009.07.1510:15', 1.40477, 1.40558, 1.40435, 1.4055, 1092.0, 0.2],
['2009.07.1510:00', 1.40492, 1.40529, 1.40377, 1.40477, 997.0, 0.2],
['2009.07.1509:45', 1.4051, 1.40535, 1.40471, 1.4049, 826.0, 0.2],
['2009.07.1509:30', 1.40477, 1.40575, 1.40441, 1.40508, 1323.0, 0.2],
['2009.07.1509:15', 1.40593, 1.40659, 1.40461, 1.40478, 1355.0, 0.2],
['2009.07.1509:00', 1.40562, 1.40666, 1.4052, 1.40595, 1318.0, 0.2],
['2009.07.1508:45', 1.40352, 1.40697, 1.40352, 1.40563, 1689.0, 0.2],
['2009.07.1508:30', 1.40355, 1.40395, 1.40239, 1.40351, 1351.0, 0.2],
['2009.07.1508:15', 1.40283, 1.40427, 1.40278, 1.40354, 1471.0, 0.2],
['2009.07.1508:00', 1.39991, 1.40284, 1.39978, 1.40284, 1448.0, 0.2],
['2009.07.1507:45', 1.39949, 1.40017, 1.39926, 1.39994, 885.0, 0.2],
['2009.07.1507:30', 1.39784, 1.39951, 1.3978, 1.39951, 769.0, 0.2],
['2009.07.1507:15', 1.39817, 1.39848, 1.39767, 1.39784, 520.0, 1],
['2009.07.1507:00', 1.3986, 1.39866, 1.39797, 1.39817, 512.0, 1],
['2009.07.1506:45', 1.39848, 1.39868, 1.39811, 1.3986, 554.0, 1],
['2009.07.1506:30', 1.39839, 1.3985, 1.398, 1.3985, 503.0, 1],
['2009.07.1506:15', 1.39856, 1.39876, 1.39819, 1.3984, 371.0, 1],
['2009.07.1506:00', 1.39819, 1.39855, 1.39811, 1.39855, 267.0, 1],
['2009.07.1505:45', 1.39875, 1.3988, 1.39823, 1.39824, 445.0, 1],
['2009.07.1505:30', 1.39873, 1.39876, 1.39834, 1.39876, 299.0, 1],
['2009.07.1505:15', 1.39831, 1.39881, 1.39807, 1.39872, 201.0, 1],
['2009.07.1505:00', 1.3985, 1.3985, 1.39786, 1.39835, 155.0, 1],
['2009.07.1504:45', 1.39781, 1.39852, 1.39747, 1.39852, 151.0, 1],
['2009.07.1504:30', 1.39816, 1.39818, 1.39755, 1.39788, 228.0, 1],
['2009.07.1504:15', 1.39798, 1.39838, 1.39789, 1.39815, 200.0, 1],
['2009.07.1504:00', 1.39829, 1.39859, 1.39781, 1.39791, 267.0, 1],
['2009.07.1503:45', 1.39806, 1.39849, 1.39775, 1.39833, 220.0, 1],
['2009.07.1503:30', 1.39767, 1.39851, 1.39751, 1.39791, 198.0, 1],
['2009.07.1503:15', 1.3977, 1.39786, 1.39721, 1.39756, 223.0, 1],
['2009.07.1503:00', 1.39813, 1.39826, 1.39717, 1.39774, 255.0, 1],
['2009.07.1502:45', 1.39776, 1.39844, 1.39761, 1.39809, 213.0, 1],
['2009.07.1502:30', 1.39741, 1.39777, 1.39681, 1.39769, 234.0, 1],
['2009.07.1502:15', 1.39803, 1.39853, 1.39716, 1.39722, 291.0, 1],
['2009.07.1502:00', 1.39791, 1.39836, 1.39747, 1.39791, 304.0, 1],
['2009.07.1501:45', 1.39701, 1.39796, 1.39691, 1.39792, 159.0, 1],
['2009.07.1501:30', 1.39646, 1.39726, 1.39626, 1.39698, 173.0, 1],
['2009.07.1501:15', 1.39641, 1.39701, 1.39631, 1.39641, 69.0, 1],
['2009.07.1501:00', 1.39697, 1.39731, 1.39641, 1.39659, 114.0, 1],
['2009.07.1500:45', 1.39672, 1.39707, 1.39627, 1.39699, 180.0, 1],
['2009.07.1500:30', 1.39669, 1.39701, 1.39641, 1.39674, 181.0, 1],
['2009.07.1500:15', 1.39686, 1.39696, 1.39641, 1.39671, 161.0, 1],
['2009.07.1500:00', 1.39725, 1.39726, 1.39674, 1.39691, 124.0, 1],
['2009.07.1423:45', 1.39696, 1.39726, 1.39681, 1.39716, 117.0, 1],
['2009.07.1423:30', 1.39653, 1.39716, 1.39651, 1.39688, 161.0, 1],
['2009.07.1423:15', 1.3966, 1.39726, 1.39651, 1.39658, 206.0, 1],
['2009.07.1423:00', 1.39671, 1.39716, 1.39646, 1.39666, 143.0, 1],
['2009.07.1422:45', 1.39641, 1.39699, 1.39591, 1.39659, 292.0, 1],
['2009.07.1422:30', 1.39487, 1.3969, 1.39479, 1.39654, 412.0, 0.2],
['2009.07.1422:15', 1.39446, 1.39511, 1.39401, 1.39476, 224.0, 0.2],
['2009.07.1422:00', 1.39371, 1.39451, 1.39361, 1.39444, 191.0, 0.2],
['2009.07.1421:45', 1.39357, 1.39396, 1.39319, 1.39379, 271.0, 0.2],
['2009.07.1421:30', 1.39358, 1.39381, 1.39286, 1.39352, 317.0, 0.2],
['2009.07.1421:15', 1.39347, 1.39384, 1.39276, 1.39361, 297.0, 0.2],
['2009.07.1421:00', 1.39361, 1.39385, 1.39281, 1.39341, 331.0, 0.2],
['2009.07.1420:45', 1.39266, 1.39356, 1.39221, 1.39356, 388.0, 0.2],
['2009.07.1420:30', 1.3915, 1.39271, 1.39133, 1.39261, 349.0, 0.2],
['2009.07.1420:15', 1.39161, 1.39261, 1.39146, 1.39151, 357.0, 0.2],
['2009.07.1420:00', 1.39187, 1.39196, 1.39109, 1.39174, 393.0, 0.2],
['2009.07.1419:45', 1.39361, 1.39411, 1.39172, 1.39181, 615.0, 0.2],
['2009.07.1419:30', 1.39261, 1.39381, 1.39251, 1.39356, 528.0, 0.2],
['2009.07.1419:15', 1.39578, 1.39583, 1.39251, 1.39271, 621.0, 0.2],
['2009.07.1419:00', 1.39549, 1.39631, 1.39531, 1.39571, 445.0, 0.2],
['2009.07.1418:45', 1.39482, 1.39567, 1.39481, 1.39554, 470.0, 0.2],
['2009.07.1418:30', 1.39611, 1.39651, 1.39461, 1.39471, 493.0, 0.2],
['2009.07.1418:15', 1.39771, 1.39781, 1.39588, 1.39614, 590.0, 0.2],
['2009.07.1418:00', 1.39702, 1.39848, 1.39697, 1.39766, 687.0, 0.2],
['2009.07.1417:45', 1.39673, 1.39796, 1.39661, 1.397, 664.0, 0.2],
['2009.07.1417:30', 1.39662, 1.39678, 1.3959, 1.39674, 689.0, 0.2],
['2009.07.1417:15', 1.39565, 1.39674, 1.39565, 1.3966, 759.0, 0.2],
['2009.07.1417:00', 1.39426, 1.39571, 1.39418, 1.39563, 817.0, 0.2],
['2009.07.1416:45', 1.39501, 1.39567, 1.39401, 1.39427, 874.0, 0.2],
['2009.07.1416:30', 1.39744, 1.39794, 1.39451, 1.39507, 916.0, 0.2],
['2009.07.1416:15', 1.39756, 1.39811, 1.39667, 1.39751, 854.0, 0.2],
['2009.07.1416:00', 1.39717, 1.39866, 1.39696, 1.39751, 920.0, 0.2],
['2009.07.1415:45', 1.39741, 1.39862, 1.39686, 1.39711, 957.0, 0.2],
['2009.07.1415:30', 1.39866, 1.39969, 1.39744, 1.39752, 982.0, 0.2],
['2009.07.1415:15', 1.39757, 1.39902, 1.39743, 1.39863, 711.0, 0.2],
['2009.07.1415:00', 1.39634, 1.39799, 1.39471, 1.39762, 873.0, 0.2],
['2009.07.1414:45', 1.39666, 1.39723, 1.3956, 1.39626, 921.0, 0.2],
['2009.07.1414:30', 1.39909, 1.40096, 1.39549, 1.39671, 1087.0, 0.2],
['2009.07.1414:15', 1.39901, 1.40064, 1.39805, 1.39926, 949.0, 0.2],
['2009.07.1414:00', 1.39924, 1.40016, 1.39871, 1.39921, 735.0, 0.2],
['2009.07.1413:45', 1.40004, 1.40094, 1.3992, 1.3992, 747.0, 0.2],
['2009.07.1413:30', 1.39871, 1.40055, 1.39839, 1.4, 681.0, 0.2],
['2009.07.1413:15', 1.3981, 1.3988, 1.39791, 1.39869, 436.0, 0.2],
['2009.07.1413:00', 1.39769, 1.39826, 1.39741, 1.39816, 464.0, 0.2],
['2009.07.1412:45', 1.39866, 1.39897, 1.39776, 1.39776, 541.0, 0.2],
['2009.07.1412:30', 1.39806, 1.39882, 1.39761, 1.39864, 570.0, 0.2],
['2009.07.1412:15', 1.39831, 1.3994, 1.39798, 1.39809, 513.0, 0.2],
['2009.07.1412:00', 1.39751, 1.39878, 1.39711, 1.39838, 501.0, 0.2],
['2009.07.1411:45', 1.39783, 1.3979, 1.39641, 1.39742, 633.0, 0.2],
['2009.07.1411:30', 1.39833, 1.39886, 1.39783, 1.39783, 512.0, 0.2],
['2009.07.1411:15', 1.39791, 1.39919, 1.39731, 1.39831, 724.0, 0.2],
['2009.07.1411:00', 1.39946, 1.39961, 1.39631, 1.39771, 863.0, 0.2],
['2009.07.1410:45', 1.39991, 1.40074, 1.39881, 1.3995, 697.0, 0.2],
['2009.07.1410:30', 1.40108, 1.40111, 1.3995, 1.40002, 855.0, 0.2],
['2009.07.1410:15', 1.39886, 1.40113, 1.39882, 1.40104, 1523.0, 0.2],
['2009.07.1410:00', 1.39871, 1.39938, 1.39849, 1.39885, 1181.0, 0.2],
['2009.07.1409:45', 1.39885, 1.39984, 1.39835, 1.39872, 1266.0, 0.2],
['2009.07.1409:30', 1.3982, 1.39961, 1.39748, 1.39884, 1218.0, 0.2],
['2009.07.1409:15', 1.39768, 1.39868, 1.39742, 1.3982, 806.0, 0.2],
['2009.07.1409:00', 1.39728, 1.39838, 1.39714, 1.39804, 788.0, 0.2],
['2009.07.1408:45', 1.39889, 1.39911, 1.39675, 1.39727, 1522.0, 0.2],
['2009.07.1408:30', 1.40136, 1.40141, 1.39869, 1.39887, 1442.0, 0.2],
['2009.07.1408:15', 1.4002, 1.40138, 1.39915, 1.40137, 1332.0, 0.2],
['2009.07.1408:00', 1.39907, 1.40039, 1.39894, 1.40021, 1142.0, 0.2],
['2009.07.1407:45', 1.39788, 1.39942, 1.39785, 1.39906, 801.0, 0.2],
['2009.07.1407:30', 1.39795, 1.39822, 1.39742, 1.39791, 708.0, 0.2],
['2009.07.1407:15', 1.39751, 1.39854, 1.39737, 1.39796, 924.0, 0.2],
['2009.07.1407:00', 1.3983, 1.3984, 1.39734, 1.39749, 672.0, 0.2],
['2009.07.1406:45', 1.39813, 1.39869, 1.39783, 1.3983, 757.0, 1],
['2009.07.1406:30', 1.39802, 1.39878, 1.39781, 1.39809, 757.0, 1],
['2009.07.1406:15', 1.39745, 1.39807, 1.39708, 1.39801, 490.0, 1],
['2009.07.1406:00', 1.39831, 1.39836, 1.39742, 1.39742, 567.0, 1],
['2009.07.1405:45', 1.39777, 1.39853, 1.39747, 1.39828, 510.0, 1],
['2009.07.1405:30', 1.3972, 1.39796, 1.39717, 1.39776, 582.0, 1],
['2009.07.1405:15', 1.39671, 1.39719, 1.3966, 1.39717, 579.0, 1],
['2009.07.1405:00', 1.39616, 1.39699, 1.39616, 1.39672, 516.0, 1],
['2009.07.1404:45', 1.39617, 1.39659, 1.39598, 1.39617, 423.0, 1],
['2009.07.1404:30', 1.3966, 1.39703, 1.39615, 1.3962, 539.0, 1],
['2009.07.1404:15', 1.39715, 1.39756, 1.39643, 1.39659, 563.0, 1],
['2009.07.1404:00', 1.3982, 1.39825, 1.39715, 1.39716, 648.0, 0.2],
['2009.07.1403:45', 1.39719, 1.39829, 1.39719, 1.39818, 544.0, 0.2],
['2009.07.1403:30', 1.39706, 1.39748, 1.39678, 1.39719, 543.0, 0.2],
['2009.07.1403:15', 1.39726, 1.39785, 1.39703, 1.39705, 644.0, 0.2],
['2009.07.1403:00', 1.39802, 1.39809, 1.39711, 1.39728, 673.0, 0.2],
['2009.07.1402:45', 1.40001, 1.40002, 1.39765, 1.39804, 1138.0, 0.2],
['2009.07.1402:30', 1.40002, 1.40068, 1.39993, 1.4, 497.0, 0.2],
['2009.07.1402:15', 1.39977, 1.40033, 1.39953, 1.39996, 700.0, 0.2],
['2009.07.1402:00', 1.40034, 1.40054, 1.39934, 1.39976, 765.0, 0.2],
['2009.07.1401:45', 1.39979, 1.40046, 1.39882, 1.40039, 603.0, 0.2],
['2009.07.1401:30', 1.3995, 1.40042, 1.39943, 1.39982, 373.0, 0.2],
['2009.07.1401:15', 1.40001, 1.40044, 1.39949, 1.39949, 444.0, 0.2],
['2009.07.1401:00', 1.39852, 1.40003, 1.39852, 1.40001, 458.0, 0.2],
['2009.07.1400:45', 1.39925, 1.39975, 1.39842, 1.39853, 434.0, 1],
['2009.07.1400:30', 1.39843, 1.3996, 1.39835, 1.39928, 333.0, 1],
['2009.07.1400:15', 1.39831, 1.39863, 1.39819, 1.39847, 165.0, 1],
['2009.07.1400:00', 1.39872, 1.39931, 1.39817, 1.39832, 295.0, 1],
['2009.07.1323:45', 1.39797, 1.3991, 1.39774, 1.39871, 376.0, 1],
['2009.07.1323:30', 1.39787, 1.39821, 1.3977, 1.39798, 210.0, 1],
['2009.07.1323:15', 1.39772, 1.39789, 1.39755, 1.39786, 182.0, 1],
['2009.07.1323:00', 1.39769, 1.39789, 1.39752, 1.39766, 195.0, 1],
['2009.07.1322:45', 1.3988, 1.3988, 1.39751, 1.3977, 399.0, 0.2],
['2009.07.1322:30', 1.39856, 1.39903, 1.39845, 1.39881, 342.0, 0.2],
['2009.07.1322:15', 1.39917, 1.39917, 1.39851, 1.39852, 372.0, 0.2],
['2009.07.1322:00', 1.39959, 1.39991, 1.39911, 1.39918, 370.0, 0.2],
['2009.07.1321:45', 1.39954, 1.40004, 1.39892, 1.39957, 895.0, 0.2],
['2009.07.1321:30', 1.39844, 1.39969, 1.39787, 1.39957, 1003.0, 0.2],
['2009.07.1321:15', 1.39863, 1.39899, 1.39827, 1.39843, 753.0, 0.2],
['2009.07.1321:00', 1.39716, 1.39891, 1.39709, 1.39862, 850.0, 0.2],
['2009.07.1320:45', 1.39717, 1.39821, 1.39652, 1.39717, 1003.0, 0.2],
['2009.07.1320:30', 1.39791, 1.39816, 1.39709, 1.39718, 735.0, 0.2],
['2009.07.1320:15', 1.3971, 1.39829, 1.39681, 1.3979, 858.0, 0.2],
['2009.07.1320:00', 1.39646, 1.3974, 1.39628, 1.39709, 908.0, 0.2],
['2009.07.1319:45', 1.39709, 1.39735, 1.39628, 1.39647, 745.0, 0.2],
['2009.07.1319:30', 1.39775, 1.39801, 1.39657, 1.39708, 859.0, 0.2],
['2009.07.1319:15', 1.39851, 1.39874, 1.39742, 1.39776, 1270.0, 0.2],
['2009.07.1319:00', 1.39644, 1.39854, 1.39641, 1.3985, 982.0, 0.2],
['2009.07.1318:45', 1.39727, 1.39735, 1.39638, 1.39643, 827.0, 0.2],
['2009.07.1318:30', 1.39756, 1.39773, 1.39652, 1.39732, 856.0, 0.2],
['2009.07.1318:15', 1.3974, 1.39763, 1.397, 1.39755, 623.0, 0.2],
['2009.07.1318:00', 1.39706, 1.39792, 1.39694, 1.3974, 1208.0, 0.2],
['2009.07.1317:45', 1.39701, 1.39805, 1.39657, 1.39707, 1392.0, 0.2],
['2009.07.1317:30', 1.39531, 1.39754, 1.39525, 1.39699, 1502.0, 0.2],
['2009.07.1317:15', 1.39377, 1.39533, 1.39361, 1.39531, 1051.0, 0.2],
['2009.07.1317:00', 1.39484, 1.39532, 1.39366, 1.39372, 1420.0, 0.2],
['2009.07.1316:45', 1.39327, 1.39513, 1.39327, 1.39481, 1509.0, 0.2],
['2009.07.1316:30', 1.39333, 1.39418, 1.39326, 1.39328, 1616.0, 0.2],
['2009.07.1316:15', 1.39219, 1.39344, 1.39215, 1.39334, 1446.0, 0.2],
['2009.07.1316:00', 1.39293, 1.39323, 1.3915, 1.39218, 1757.0, 0.2],
['2009.07.1315:45', 1.3946, 1.39476, 1.3929, 1.39295, 1546.0, 0.2],
['2009.07.1315:30', 1.39474, 1.39647, 1.39396, 1.39459, 1611.0, 0.2],
['2009.07.1315:15', 1.39544, 1.39556, 1.39431, 1.39479, 1216.0, 0.2],
['2009.07.1315:00', 1.39626, 1.39661, 1.39448, 1.39539, 1254.0, 0.2],
['2009.07.1314:45', 1.3973, 1.39731, 1.39492, 1.39624, 1374.0, 0.2],
['2009.07.1314:30', 1.39706, 1.39783, 1.39653, 1.39731, 1330.0, 0.2],
['2009.07.1314:15', 1.39746, 1.39786, 1.39694, 1.39705, 1155.0, 0.2],
['2009.07.1314:00', 1.39706, 1.39817, 1.39674, 1.39746, 1233.0, 0.2],
['2009.07.1313:45', 1.39774, 1.39853, 1.39656, 1.39705, 1021.0, 0.2],
['2009.07.1313:30', 1.3971, 1.3983, 1.39691, 1.39779, 1108.0, 0.2],
['2009.07.1313:15', 1.39735, 1.39785, 1.39652, 1.39713, 932.0, 0.2],
['2009.07.1313:00', 1.39813, 1.39834, 1.39696, 1.39736, 801.0, 0.2],
['2009.07.1312:45', 1.39901, 1.39915, 1.39812, 1.39815, 1099.0, 0.2],
['2009.07.1312:30', 1.39538, 1.399, 1.39529, 1.399, 1206.0, 0.2],
['2009.07.1312:15', 1.39571, 1.39608, 1.39455, 1.39537, 985.0, 0.2],
['2009.07.1312:00', 1.39455, 1.39595, 1.39396, 1.39575, 905.0, 0.2],
['2009.07.1311:45', 1.39502, 1.39547, 1.39398, 1.39454, 1036.0, 0.2],
['2009.07.1311:30', 1.39501, 1.39561, 1.39418, 1.39501, 960.0, 0.2],
['2009.07.1311:15', 1.39507, 1.39635, 1.39482, 1.39497, 918.0, 0.2],
['2009.07.1311:00', 1.39425, 1.39511, 1.39425, 1.39505, 943.0, 0.2],
['2009.07.1310:45', 1.39462, 1.39469, 1.39322, 1.3941, 1062.0, 0.2],
['2009.07.1310:30', 1.39601, 1.39601, 1.3946, 1.39467, 880.0, 0.2],
['2009.07.1310:15', 1.39582, 1.39649, 1.39526, 1.39605, 991.0, 0.2],
['2009.07.1310:00', 1.39502, 1.39593, 1.39462, 1.39582, 1021.0, 0.2],
['2009.07.1309:45', 1.39329, 1.39512, 1.39328, 1.39503, 1186.0, 0.2],
['2009.07.1309:30', 1.39345, 1.3935, 1.39259, 1.39326, 1009.0, 0.2],
['2009.07.1309:15', 1.39278, 1.39395, 1.39275, 1.39344, 1339.0, 0.2],
['2009.07.1309:00', 1.39251, 1.39338, 1.39216, 1.39279, 1465.0, 0.2],
['2009.07.1308:45', 1.39121, 1.39267, 1.39025, 1.39251, 1398.0, 0.2],
['2009.07.1308:30', 1.392, 1.39227, 1.39074, 1.39118, 1577.0, 0.2],
['2009.07.1308:15', 1.39115, 1.39231, 1.39101, 1.39203, 1198.0, 0.2],
['2009.07.1308:00', 1.39144, 1.39148, 1.38966, 1.39112, 1260.0, 0.2],
['2009.07.1307:45', 1.39185, 1.39215, 1.39126, 1.39141, 919.0, 0.2],
['2009.07.1307:30', 1.39201, 1.39262, 1.39133, 1.39188, 568.0, 0.2],
['2009.07.1307:15', 1.39213, 1.39265, 1.39136, 1.392, 732.0, 0.2],
['2009.07.1307:00', 1.39186, 1.39218, 1.39136, 1.39215, 794.0, 0.2],
['2009.07.1306:45', 1.39306, 1.39337, 1.3915, 1.39188, 711.0, 0.2],
['2009.07.1306:30', 1.39286, 1.39315, 1.39251, 1.39305, 438.0, 0.2],
['2009.07.1306:15', 1.3932, 1.39349, 1.39233, 1.39284, 795.0, 0.2],
['2009.07.1306:00', 1.39281, 1.39319, 1.39236, 1.39319, 436.0, 0.2],
['2009.07.1305:45', 1.39333, 1.39393, 1.39238, 1.39282, 503.0, 0.2],
['2009.07.1305:30', 1.39393, 1.39442, 1.39313, 1.39332, 748.0, 0.2],
['2009.07.1305:15', 1.39414, 1.39458, 1.39365, 1.39393, 562.0, 0.2],
['2009.07.1305:00', 1.39392, 1.39463, 1.39339, 1.39412, 643.0, 0.2],
['2009.07.1304:45', 1.39521, 1.39532, 1.39368, 1.39398, 462.0, 0.2],
['2009.07.1304:30', 1.39465, 1.39566, 1.39445, 1.39519, 537.0, 0.2],
['2009.07.1304:15', 1.39471, 1.39488, 1.39361, 1.39467, 728.0, 0.2],
['2009.07.1304:00', 1.39595, 1.39612, 1.39457, 1.3947, 699.0, 0.2],
['2009.07.1303:45', 1.39628, 1.39637, 1.39587, 1.39593, 293.0, 0.2],
['2009.07.1303:30', 1.39631, 1.39636, 1.39564, 1.39625, 543.0, 0.2],
['2009.07.1303:15', 1.39635, 1.39724, 1.39606, 1.39632, 440.0, 0.2],
['2009.07.1303:00', 1.39735, 1.3975, 1.39631, 1.39636, 520.0, 0.2],
['2009.07.1302:45', 1.39677, 1.39759, 1.39658, 1.39734, 699.0, 1],
['2009.07.1302:30', 1.3966, 1.39726, 1.39619, 1.39679, 424.0, 1],
['2009.07.1302:15', 1.39679, 1.397, 1.39614, 1.39657, 361.0, 1],
['2009.07.1302:00', 1.39729, 1.39778, 1.39658, 1.3968, 658.0, 1],
['2009.07.1301:45', 1.3968, 1.39757, 1.39665, 1.39728, 269.0, 1],
['2009.07.1301:30', 1.39666, 1.39704, 1.39655, 1.39676, 404.0, 1],
['2009.07.1301:15', 1.39695, 1.39707, 1.3963, 1.39668, 356.0, 1],
['2009.07.1301:00', 1.39658, 1.39695, 1.39634, 1.39695, 262.0, 1],
['2009.07.1300:45', 1.39541, 1.39683, 1.39539, 1.3966, 296.0, 0.2],
['2009.07.1300:30', 1.3951, 1.3956, 1.39502, 1.39546, 117.0, 0.2],
['2009.07.1300:15', 1.39495, 1.39515, 1.39481, 1.39507, 119.0, 1],
['2009.07.1300:00', 1.39461, 1.39501, 1.3946, 1.39496, 159.0, 1],
['2009.07.1022:45', 1.39409, 1.39433, 1.39347, 1.39353, 285.0, 1],
['2009.07.1022:30', 1.39472, 1.39474, 1.394, 1.39409, 183.0, 1],
['2009.07.1022:15', 1.39475, 1.39509, 1.39468, 1.39475, 159.0, 1],
['2009.07.1022:00', 1.39476, 1.39518, 1.3947, 1.39476, 301.0, 1],
['2009.07.1021:45', 1.39532, 1.39563, 1.3947, 1.39478, 396.0, 1],
['2009.07.1021:30', 1.39485, 1.3955, 1.39472, 1.39529, 544.0, 1],
['2009.07.1021:15', 1.3948, 1.39559, 1.39467, 1.39483, 621.0, 1],
['2009.07.1021:00', 1.39473, 1.39537, 1.39455, 1.39478, 587.0, 1],
['2009.07.1020:45', 1.39547, 1.39585, 1.39475, 1.39475, 769.0, 1],
['2009.07.1020:30', 1.39386, 1.39413, 1.39385, 1.39412, 30.0, 1],
['2009.07.1020:15', 1.39399, 1.39475, 1.39352, 1.39385, 700.0, 0.2],
['2009.07.1020:00', 1.39526, 1.39534, 1.39337, 1.39393, 698.0, 0.2],
['2009.07.1019:45', 1.39703, 1.39724, 1.3947, 1.39523, 794.0, 0.2],
['2009.07.1019:30', 1.3956, 1.39706, 1.39549, 1.39701, 684.0, 0.2],
['2009.07.1019:15', 1.3968, 1.39693, 1.39553, 1.39558, 816.0, 0.2],
['2009.07.1019:00', 1.39556, 1.39685, 1.39536, 1.39674, 1059.0, 0.2],
['2009.07.1018:45', 1.39484, 1.39576, 1.3941, 1.3956, 882.0, 0.2],
['2009.07.1018:30', 1.39307, 1.395, 1.39241, 1.39485, 759.0, 0.2],
['2009.07.1018:15', 1.39274, 1.39399, 1.39274, 1.39312, 678.0, 0.2],
['2009.07.1018:00', 1.39249, 1.39374, 1.39208, 1.3927, 870.0, 0.2],
['2009.07.1017:45', 1.3921, 1.39303, 1.39185, 1.39251, 1028.0, 0.2],
['2009.07.1017:30', 1.39109, 1.39252, 1.39109, 1.39214, 1264.0, 0.2],
['2009.07.1017:15', 1.39246, 1.39348, 1.39074, 1.3911, 1655.0, 0.2],
['2009.07.1017:00', 1.39403, 1.39412, 1.3918, 1.39244, 1444.0, 0.2],
['2009.07.1016:45', 1.39293, 1.39425, 1.39271, 1.39404, 1275.0, 0.2],
['2009.07.1016:30', 1.39409, 1.39466, 1.39283, 1.39295, 1353.0, 0.2],
['2009.07.1016:15', 1.39461, 1.39475, 1.3933, 1.39407, 1537.0, 0.2],
['2009.07.1016:00', 1.39218, 1.39474, 1.39147, 1.3946, 2077.0, 0.2],
['2009.07.1015:45', 1.3917, 1.3936, 1.39118, 1.39215, 1158.0, 0.2],
['2009.07.1015:30', 1.391, 1.39233, 1.39041, 1.39174, 1593.0, 0.2],
['2009.07.1015:15', 1.3905, 1.39143, 1.3896, 1.39102, 1276.0, 0.2],
['2009.07.1015:00', 1.39272, 1.39274, 1.38978, 1.39045, 1433.0, 0.2],
['2009.07.1014:45', 1.39218, 1.3932, 1.39152, 1.39271, 1608.0, 0.2],
['2009.07.1014:30', 1.38924, 1.39226, 1.38901, 1.39222, 1199.0, 0.2],
['2009.07.1014:15', 1.39004, 1.39044, 1.3887, 1.38959, 1265.0, 0.2],
['2009.07.1014:00', 1.39156, 1.39243, 1.38999, 1.39005, 1172.0, 0.2],
['2009.07.1013:45', 1.3918, 1.39252, 1.39087, 1.39155, 1223.0, 0.2],
['2009.07.1013:30', 1.39103, 1.39215, 1.39083, 1.39182, 954.0, 0.2],
['2009.07.1013:15', 1.39075, 1.3911, 1.38975, 1.39103, 899.0, 0.2],
['2009.07.1013:00', 1.39001, 1.39137, 1.3897, 1.39074, 853.0, 0.2],
['2009.07.1012:45', 1.39008, 1.39012, 1.38867, 1.38991, 757.0, 0.2],
['2009.07.1012:30', 1.38903, 1.39057, 1.38863, 1.39004, 1022.0, 0.2],
['2009.07.1012:15', 1.38903, 1.38918, 1.38823, 1.38901, 912.0, 0.2],
['2009.07.1012:00', 1.38859, 1.38977, 1.38778, 1.38902, 1026.0, 0.2],
['2009.07.1011:45', 1.38856, 1.38927, 1.38818, 1.3886, 1095.0, 0.2],
['2009.07.1011:30', 1.39062, 1.39106, 1.3881, 1.38855, 1189.0, 0.2],
['2009.07.1011:15', 1.39063, 1.39081, 1.38938, 1.39063, 1034.0, 0.2],
['2009.07.1011:00', 1.39099, 1.39177, 1.38969, 1.39063, 1077.0, 0.2],
['2009.07.1010:45', 1.39164, 1.3919, 1.39059, 1.39101, 906.0, 0.2],
['2009.07.1010:30', 1.39078, 1.39188, 1.3907, 1.39163, 873.0, 0.2],
['2009.07.1010:15', 1.39192, 1.39276, 1.39052, 1.39079, 1287.0, 0.2],
['2009.07.1010:00', 1.39118, 1.39196, 1.39064, 1.39185, 1172.0, 0.2],
['2009.07.1009:45', 1.39135, 1.3918, 1.39007, 1.39114, 1217.0, 0.2],
['2009.07.1009:30', 1.39163, 1.39215, 1.39053, 1.39136, 1421.0, 0.2],
['2009.07.1009:15', 1.39349, 1.39363, 1.39112, 1.39161, 1466.0, 0.2],
['2009.07.1009:00', 1.3945, 1.39508, 1.3929, 1.3935, 1467.0, 0.2],
['2009.07.1008:45', 1.39678, 1.39704, 1.39404, 1.39448, 1517.0, 0.2],
['2009.07.1008:30', 1.39703, 1.39714, 1.39594, 1.39673, 965.0, 0.2],
['2009.07.1008:15', 1.39572, 1.39707, 1.39572, 1.39703, 990.0, 0.2],
['2009.07.1008:00', 1.39593, 1.39662, 1.39525, 1.39575, 1233.0, 0.2],
['2009.07.1007:45', 1.39715, 1.39717, 1.39562, 1.39591, 887.0, 0.2],
['2009.07.1007:30', 1.39792, 1.39848, 1.39684, 1.39716, 816.0, 0.2],
['2009.07.1007:15', 1.39836, 1.39842, 1.39764, 1.39793, 546.0, 0.2],
['2009.07.1007:00', 1.39826, 1.3985, 1.39751, 1.39835, 699.0, 1],
['2009.07.1006:45', 1.39864, 1.39871, 1.39793, 1.39825, 539.0, 1],
['2009.07.1006:30', 1.39811, 1.39866, 1.3977, 1.39862, 692.0, 1],
['2009.07.1006:15', 1.39719, 1.39817, 1.39716, 1.39813, 679.0, 1],
['2009.07.1006:00', 1.39772, 1.39819, 1.39709, 1.39721, 567.0, 1],
['2009.07.1005:45', 1.39748, 1.39782, 1.39736, 1.39777, 486.0, 1],
['2009.07.1005:30', 1.39709, 1.39751, 1.3964, 1.3975, 569.0, 1],
['2009.07.1005:15', 1.39729, 1.39745, 1.39677, 1.39711, 418.0, 1],
['2009.07.1005:00', 1.39714, 1.39759, 1.39685, 1.39731, 470.0, 1],
['2009.07.1004:45', 1.39759, 1.3977, 1.39663, 1.39713, 506.0, 1],
['2009.07.1004:30', 1.39776, 1.39781, 1.39728, 1.3976, 517.0, 1],
['2009.07.1004:15', 1.39847, 1.39891, 1.3977, 1.39775, 489.0, 1],
['2009.07.1004:00', 1.3989, 1.39925, 1.3983, 1.39847, 507.0, 1],
['2009.07.1003:45', 1.3997, 1.3997, 1.39819, 1.39886, 709.0, 1],
['2009.07.1003:30', 1.39989, 1.40021, 1.39948, 1.39971, 380.0, 1],
['2009.07.1003:15', 1.39969, 1.40042, 1.39956, 1.39989, 427.0, 1],
['2009.07.1003:00', 1.39937, 1.39977, 1.39928, 1.39968, 371.0, 1],
['2009.07.1002:45', 1.4001, 1.40016, 1.39892, 1.39938, 608.0, 1],
['2009.07.1002:30', 1.40042, 1.40044, 1.39973, 1.40011, 573.0, 1],
['2009.07.1002:15', 1.4007, 1.40127, 1.39997, 1.4004, 590.0, 1],
['2009.07.1002:00', 1.40097, 1.40121, 1.40058, 1.40069, 409.0, 1],
['2009.07.1001:45', 1.40169, 1.4017, 1.40086, 1.40099, 255.0, 1],
['2009.07.1001:30', 1.40144, 1.40193, 1.40143, 1.40168, 222.0, 1],
['2009.07.1001:15', 1.40213, 1.40213, 1.40097, 1.40143, 373.0, 1],
['2009.07.1001:00', 1.40238, 1.40251, 1.40154, 1.40219, 357.0, 1],
['2009.07.1000:45', 1.40204, 1.40294, 1.4019, 1.40237, 269.0, 1],
['2009.07.1000:30', 1.40197, 1.40228, 1.40193, 1.40203, 149.0, 1],
['2009.07.1000:15', 1.40196, 1.40206, 1.40173, 1.40194, 163.0, 1],
['2009.07.1000:00', 1.40224, 1.40257, 1.40189, 1.40195, 331.0, 1],
['2009.07.0923:45', 1.40229, 1.4025, 1.40213, 1.40236, 154.0, 1],
['2009.07.0923:30', 1.40253, 1.40259, 1.40211, 1.4023, 121.0, 1],
['2009.07.0923:15', 1.4025, 1.40288, 1.40219, 1.40253, 141.0, 1],
['2009.07.0923:00', 1.40191, 1.40261, 1.40176, 1.40248, 139.0, 1],
['2009.07.0922:45', 1.40313, 1.40327, 1.40172, 1.40188, 377.0, 0.2],
['2009.07.0922:30', 1.40351, 1.40367, 1.40291, 1.40314, 374.0, 0.2],
['2009.07.0922:15', 1.40322, 1.40362, 1.40283, 1.40356, 390.0, 0.2],
['2009.07.0922:00', 1.40316, 1.40341, 1.40271, 1.40321, 256.0, 0.2],
['2009.07.0921:45', 1.40309, 1.40336, 1.40282, 1.40315, 554.0, 0.2],
['2009.07.0921:30', 1.40294, 1.40338, 1.40273, 1.40311, 561.0, 0.2],
['2009.07.0921:15', 1.40324, 1.4038, 1.4028, 1.40291, 620.0, 0.2],
['2009.07.0921:00', 1.40341, 1.40364, 1.4029, 1.40326, 560.0, 0.2],
['2009.07.0920:45', 1.40458, 1.40485, 1.40338, 1.40342, 732.0, 0.2],
['2009.07.0920:30', 1.40519, 1.40596, 1.40442, 1.40462, 821.0, 1],
['2009.07.0920:15', 1.40474, 1.40571, 1.40451, 1.40517, 928.0, 1],
['2009.07.0920:00', 1.40413, 1.40484, 1.40371, 1.40475, 657.0, 1],
['2009.07.0919:45', 1.40425, 1.40461, 1.40323, 1.40414, 752.0, 1],
['2009.07.0919:30', 1.40416, 1.40461, 1.40367, 1.40426, 916.0, 1],
['2009.07.0919:15', 1.40465, 1.40527, 1.40369, 1.40415, 832.0, 1],
['2009.07.0919:00', 1.40488, 1.40564, 1.40354, 1.40464, 1230.0, 1],
['2009.07.0918:45', 1.40485, 1.40567, 1.40356, 1.40487, 1096.0, 1],
['2009.07.0918:30', 1.40705, 1.40705, 1.40465, 1.40483, 1375.0, 0.2],
['2009.07.0918:15', 1.40225, 1.40715, 1.40223, 1.40706, 1603.0, 0.2],
['2009.07.0918:00', 1.40253, 1.40413, 1.4022, 1.40226, 1195.0, 0.2],
['2009.07.0917:45', 1.4026, 1.4048, 1.40251, 1.40251, 907.0, 0.2],
['2009.07.0917:30', 1.39912, 1.40285, 1.39908, 1.40266, 1739.0, 0.2],
['2009.07.0917:15', 1.39745, 1.40019, 1.39688, 1.39913, 1736.0, 0.2],
['2009.07.0917:00', 1.39776, 1.398, 1.396, 1.39743, 1480.0, 0.2],
['2009.07.0916:45', 1.39651, 1.39786, 1.39566, 1.39779, 1131.0, 0.2],
['2009.07.0916:30', 1.396, 1.39671, 1.39464, 1.39651, 1379.0, 0.2],
['2009.07.0916:15', 1.39751, 1.39823, 1.39543, 1.39597, 1284.0, 0.2],
['2009.07.0916:00', 1.39588, 1.39747, 1.39516, 1.39745, 903.0, 0.2],
['2009.07.0915:45', 1.39607, 1.39638, 1.39498, 1.39579, 1342.0, 0.2],
['2009.07.0915:30', 1.39694, 1.39748, 1.39561, 1.39609, 1245.0, 0.2],
['2009.07.0915:15', 1.39883, 1.39918, 1.39672, 1.39695, 1052.0, 0.2],
['2009.07.0915:00', 1.39978, 1.39978, 1.39776, 1.39888, 1291.0, 0.2],
['2009.07.0914:45', 1.39905, 1.40066, 1.39905, 1.39979, 1323.0, 0.2],
['2009.07.0914:30', 1.3987, 1.39974, 1.39776, 1.39905, 1088.0, 0.2],
['2009.07.0914:15', 1.39899, 1.399, 1.39819, 1.39851, 470.0, 0.2],
['2009.07.0914:00', 1.3982, 1.39963, 1.3981, 1.399, 735.0, 0.2],
['2009.07.0913:45', 1.3959, 1.3993, 1.39585, 1.39818, 1685.0, 0.2],
['2009.07.0913:30', 1.39601, 1.39604, 1.39545, 1.39588, 765.0, 1],
['2009.07.0913:15', 1.39605, 1.39614, 1.39529, 1.396, 691.0, 1],
['2009.07.0913:00', 1.39599, 1.39691, 1.39507, 1.3961, 1158.0, 1],
['2009.07.0912:45', 1.39665, 1.39734, 1.39591, 1.39601, 891.0, 1],
['2009.07.0912:30', 1.39726, 1.39726, 1.39637, 1.3966, 1146.0, 1],
['2009.07.0912:15', 1.39761, 1.39765, 1.39669, 1.39729, 904.0, 1],
['2009.07.0912:00', 1.39744, 1.39801, 1.39729, 1.3976, 808.0, 1],
['2009.07.0911:45', 1.39768, 1.39847, 1.39743, 1.39745, 1218.0, 1],
['2009.07.0911:30', 1.39549, 1.39791, 1.39532, 1.3977, 1097.0, 0.2],
['2009.07.0911:15', 1.39604, 1.39645, 1.39544, 1.3955, 767.0, 0.2],
['2009.07.0911:00', 1.39551, 1.39619, 1.39529, 1.39602, 757.0, 0.2],
['2009.07.0910:45', 1.39531, 1.39615, 1.39458, 1.39552, 843.0, 0.2],
['2009.07.0910:30', 1.39623, 1.39641, 1.39507, 1.3953, 938.0, 0.2],
['2009.07.0910:15', 1.39586, 1.39669, 1.39563, 1.39621, 1010.0, 0.2],
['2009.07.0910:00', 1.39611, 1.39616, 1.39424, 1.39587, 1431.0, 0.2],
['2009.07.0909:45', 1.39299, 1.3962, 1.39299, 1.39609, 1635.0, 0.2],
['2009.07.0909:30', 1.39303, 1.39347, 1.3923, 1.39299, 1086.0, 0.2],
['2009.07.0909:15', 1.39168, 1.39324, 1.39125, 1.39302, 1149.0, 0.2],
['2009.07.0909:00', 1.39378, 1.39384, 1.39099, 1.39168, 1428.0, 0.2],
['2009.07.0908:45', 1.39337, 1.39409, 1.3926, 1.39372, 1198.0, 0.2],
['2009.07.0908:30', 1.3932, 1.39341, 1.39234, 1.39335, 828.0, 0.2],
['2009.07.0908:15', 1.39221, 1.39343, 1.39209, 1.39321, 1257.0, 0.2],
['2009.07.0908:00', 1.39208, 1.39254, 1.39124, 1.39221, 744.0, 0.2],
['2009.07.0907:45', 1.38995, 1.39321, 1.38994, 1.39206, 1238.0, 0.2],
['2009.07.0907:30', 1.39062, 1.39106, 1.38976, 1.39001, 589.0, 1],
['2009.07.0907:15', 1.39055, 1.39078, 1.3899, 1.39057, 673.0, 1],
['2009.07.0907:00', 1.39046, 1.39056, 1.3892, 1.39056, 609.0, 1],
['2009.07.0906:45', 1.39029, 1.39099, 1.39029, 1.39047, 397.0, 1],
['2009.07.0906:30', 1.39048, 1.39104, 1.39009, 1.39033, 563.0, 1],
['2009.07.0906:15', 1.39018, 1.39055, 1.38976, 1.39048, 644.0, 1],
['2009.07.0906:00', 1.38964, 1.39017, 1.38935, 1.39017, 387.0, 1],
['2009.07.0905:45', 1.38994, 1.38997, 1.3894, 1.38959, 391.0, 1],
['2009.07.0905:30', 1.39027, 1.3903, 1.38928, 1.38995, 452.0, 1],
['2009.07.0905:15', 1.39073, 1.39099, 1.39007, 1.39026, 428.0, 1],
['2009.07.0905:00', 1.39027, 1.39072, 1.38994, 1.39072, 287.0, 1],
['2009.07.0904:45', 1.39039, 1.39043, 1.38966, 1.39029, 312.0, 1],
['2009.07.0904:30', 1.39038, 1.39059, 1.38996, 1.39038, 468.0, 1],
['2009.07.0904:15', 1.38977, 1.39048, 1.38968, 1.39037, 506.0, 0.2],
['2009.07.0904:00', 1.39096, 1.39099, 1.38965, 1.38978, 513.0, 0.2],
['2009.07.0903:45', 1.39106, 1.39145, 1.39037, 1.39098, 654.0, 0.2],
['2009.07.0903:30', 1.39026, 1.39122, 1.38975, 1.39108, 1043.0, 0.2],
['2009.07.0903:15', 1.38916, 1.39027, 1.38857, 1.39026, 816.0, 0.2],
['2009.07.0903:00', 1.38869, 1.38927, 1.38844, 1.38913, 610.0, 0.2],
['2009.07.0902:45', 1.3891, 1.38918, 1.38806, 1.3887, 571.0, 0.2],
['2009.07.0902:30', 1.38827, 1.38914, 1.38822, 1.38912, 720.0, 0.2],
['2009.07.0902:15', 1.38643, 1.38866, 1.38643, 1.38825, 576.0, 0.2],
['2009.07.0902:00', 1.38618, 1.3875, 1.38588, 1.38641, 739.0, 0.2],
['2009.07.0901:45', 1.3865, 1.38671, 1.38583, 1.38616, 444.0, 0.2],
['2009.07.0901:30', 1.38614, 1.38675, 1.38614, 1.38649, 381.0, 0.2],
['2009.07.0901:15', 1.3871, 1.3872, 1.38612, 1.38612, 295.0, 0.2],
['2009.07.0901:00', 1.388, 1.38818, 1.38708, 1.38708, 342.0, 1],
['2009.07.0900:45', 1.38778, 1.38808, 1.38755, 1.38803, 239.0, 1],
['2009.07.0900:30', 1.38846, 1.38851, 1.38759, 1.3878, 180.0, 1],
['2009.07.0900:15', 1.38793, 1.38856, 1.38787, 1.38856, 283.0, 1],
['2009.07.0900:00', 1.3873, 1.38836, 1.38726, 1.38799, 178.0, 1],
['2009.07.0823:45', 1.38721, 1.38749, 1.38677, 1.38741, 178.0, 1],
['2009.07.0823:30', 1.38761, 1.38767, 1.38723, 1.38726, 115.0, 1],
['2009.07.0823:15', 1.3875, 1.38768, 1.38737, 1.38761, 119.0, 1],
['2009.07.0823:00', 1.3883, 1.3883, 1.38726, 1.38745, 201.0, 1],
['2009.07.0822:45', 1.389, 1.389, 1.38827, 1.38832, 329.0, 1],
['2009.07.0822:30', 1.38798, 1.38941, 1.38798, 1.38899, 398.0, 0.2],
['2009.07.0822:15', 1.38731, 1.3881, 1.38731, 1.38798, 332.0, 0.2],
['2009.07.0822:00', 1.3879, 1.38795, 1.38719, 1.3873, 241.0, 0.2],
['2009.07.0821:45', 1.38719, 1.38858, 1.38719, 1.38793, 888.0, 0.2],
['2009.07.0821:30', 1.38518, 1.38723, 1.38518, 1.38719, 856.0, 0.2],
['2009.07.0821:15', 1.38627, 1.38665, 1.38511, 1.38518, 803.0, 0.2],
['2009.07.0821:00', 1.3851, 1.3864, 1.38477, 1.38626, 590.0, 0.2],
['2009.07.0820:45', 1.38377, 1.38531, 1.38352, 1.38507, 655.0, 0.2],
['2009.07.0820:30', 1.38396, 1.38412, 1.38323, 1.38376, 796.0, 0.2],
['2009.07.0820:15', 1.3835, 1.38441, 1.3835, 1.3839, 899.0, 0.2],
['2009.07.0820:00', 1.38494, 1.38541, 1.38347, 1.38349, 1054.0, 0.2],
['2009.07.0819:45', 1.38615, 1.38615, 1.38432, 1.38496, 982.0, 0.2],
['2009.07.0819:30', 1.38674, 1.38686, 1.38578, 1.38614, 875.0, 0.2],
['2009.07.0819:15', 1.38652, 1.3868, 1.38553, 1.38672, 904.0, 0.2],
['2009.07.0819:00', 1.38504, 1.38687, 1.38479, 1.38649, 1269.0, 0.2],
['2009.07.0818:45', 1.38485, 1.38576, 1.38454, 1.38501, 904.0, 0.2],
['2009.07.0818:30', 1.38386, 1.3858, 1.38362, 1.38486, 1259.0, 0.2],
['2009.07.0818:15', 1.38435, 1.38441, 1.3833, 1.38385, 1364.0, 0.2],
['2009.07.0818:00', 1.38516, 1.386, 1.38403, 1.38437, 1671.0, 0.2],
['2009.07.0817:45', 1.38781, 1.38847, 1.38476, 1.38516, 1733.0, 0.2],
['2009.07.0817:30', 1.387, 1.38791, 1.38635, 1.38782, 1629.0, 0.2],
['2009.07.0817:15', 1.38923, 1.38923, 1.38643, 1.38699, 2119.0, 0.2],
['2009.07.0817:00', 1.38956, 1.38994, 1.38883, 1.38922, 1663.0, 0.2],
['2009.07.0816:45', 1.39084, 1.39149, 1.38959, 1.38959, 1399.0, 0.2],
['2009.07.0816:30', 1.39202, 1.39202, 1.38982, 1.39082, 1283.0, 0.2],
['2009.07.0816:15', 1.39193, 1.39307, 1.39177, 1.39201, 1433.0, 0.2],
['2009.07.0816:00', 1.39046, 1.39282, 1.39036, 1.39193, 1787.0, 0.2],
['2009.07.0815:45', 1.39119, 1.39193, 1.39004, 1.39048, 1450.0, 0.2],
['2009.07.0815:30', 1.39143, 1.39177, 1.39043, 1.39117, 1606.0, 0.2],
['2009.07.0815:15', 1.39074, 1.39167, 1.3898, 1.39146, 1285.0, 0.2],
['2009.07.0815:00', 1.38919, 1.39138, 1.38914, 1.39075, 1619.0, 0.2],
['2009.07.0814:45', 1.38893, 1.38943, 1.38818, 1.38917, 1369.0, 0.2],
['2009.07.0814:30', 1.38886, 1.38948, 1.38831, 1.38889, 1280.0, 0.2],
['2009.07.0814:15', 1.38997, 1.39085, 1.38881, 1.38884, 1244.0, 0.2],
['2009.07.0814:00', 1.39084, 1.39147, 1.38978, 1.38992, 1041.0, 0.2],
['2009.07.0813:45', 1.39059, 1.39152, 1.39055, 1.39089, 857.0, 0.2],
['2009.07.0813:30', 1.39277, 1.39285, 1.39047, 1.39057, 1028.0, 0.2],
['2009.07.0813:15', 1.39163, 1.39291, 1.39143, 1.39281, 918.0, 0.2],
['2009.07.0813:00', 1.39201, 1.39213, 1.39155, 1.39158, 779.0, 0.2],
['2009.07.0812:45', 1.39129, 1.39241, 1.39129, 1.392, 927.0, 0.2],
['2009.07.0812:30', 1.39138, 1.39158, 1.39048, 1.39132, 810.0, 0.2],
['2009.07.0812:15', 1.39229, 1.39236, 1.39079, 1.39135, 957.0, 0.2],
['2009.07.0812:00', 1.39258, 1.39376, 1.39227, 1.39231, 1158.0, 0.2],
['2009.07.0811:45', 1.39254, 1.39333, 1.3919, 1.39252, 1094.0, 0.2],
['2009.07.0811:30', 1.39191, 1.39269, 1.39113, 1.39253, 1013.0, 0.2],
['2009.07.0811:15', 1.39084, 1.39221, 1.3903, 1.39195, 1121.0, 0.2],
['2009.07.0811:00', 1.39012, 1.39137, 1.38991, 1.39087, 939.0, 0.2],
['2009.07.0810:45', 1.38972, 1.39012, 1.38876, 1.39007, 600.0, 0.2],
['2009.07.0810:30', 1.38901, 1.39083, 1.38888, 1.38973, 1174.0, 0.2],
['2009.07.0810:15', 1.38918, 1.38939, 1.3884, 1.38899, 875.0, 0.2],
['2009.07.0810:00', 1.38876, 1.39001, 1.38832, 1.38918, 1198.0, 0.2],
['2009.07.0809:45', 1.38928, 1.38968, 1.38816, 1.38874, 1208.0, 0.2],
['2009.07.0809:30', 1.39099, 1.39116, 1.3889, 1.38927, 1327.0, 0.2],
['2009.07.0809:15', 1.39078, 1.3916, 1.39078, 1.39095, 429.0, 0.2],
['2009.07.0809:00', 1.38898, 1.39083, 1.3889, 1.38973, 938.0, 0.2],
['2009.07.0808:45', 1.38919, 1.39023, 1.38872, 1.38898, 1427.0, 0.2],
['2009.07.0808:30', 1.38666, 1.38977, 1.38619, 1.38918, 1484.0, 0.2],
['2009.07.0808:15', 1.3879, 1.38841, 1.38596, 1.38668, 1505.0, 0.2],
['2009.07.0808:00', 1.39149, 1.39158, 1.38663, 1.38788, 1756.0, 0.2],
['2009.07.0807:45', 1.39027, 1.39151, 1.38951, 1.3915, 804.0, 0.2],
['2009.07.0807:30', 1.39097, 1.39135, 1.38948, 1.39028, 937.0, 1],
['2009.07.0807:15', 1.39102, 1.39146, 1.39057, 1.391, 735.0, 1],
['2009.07.0807:00', 1.39158, 1.39226, 1.391, 1.39103, 644.0, 1],
['2009.07.0806:45', 1.39075, 1.39255, 1.39075, 1.39157, 768.0, 1],
['2009.07.0806:30', 1.39056, 1.39078, 1.39018, 1.39073, 510.0, 1],
['2009.07.0806:15', 1.39044, 1.39082, 1.39028, 1.39051, 430.0, 1],
['2009.07.0806:00', 1.39036, 1.39131, 1.3903, 1.39042, 472.0, 1],
['2009.07.0805:45', 1.39027, 1.39082, 1.39001, 1.39034, 638.0, 1],
['2009.07.0805:30', 1.39029, 1.39092, 1.39021, 1.39025, 282.0, 1],
['2009.07.0805:15', 1.39084, 1.39086, 1.38985, 1.39026, 254.0, 1],
['2009.07.0805:00', 1.39066, 1.39134, 1.39051, 1.39086, 219.0, 1],
['2009.07.0804:45', 1.39008, 1.39076, 1.38999, 1.39075, 218.0, 1],
['2009.07.0804:30', 1.3892, 1.39004, 1.38886, 1.39001, 163.0, 1],
['2009.07.0804:15', 1.38914, 1.38981, 1.38901, 1.38921, 239.0, 1],
['2009.07.0804:00', 1.38962, 1.38977, 1.38891, 1.38911, 201.0, 1],
['2009.07.0803:45', 1.38996, 1.39051, 1.38961, 1.38971, 257.0, 1],
['2009.07.0803:30', 1.39025, 1.39065, 1.38979, 1.38991, 402.0, 1],
['2009.07.0803:15', 1.39024, 1.39078, 1.38995, 1.39022, 586.0, 1],
['2009.07.0803:00', 1.39025, 1.39101, 1.3897, 1.39023, 666.0, 1],
['2009.07.0802:45', 1.38831, 1.39044, 1.38807, 1.39026, 977.0, 0.2],
['2009.07.0802:30', 1.39003, 1.39003, 1.38834, 1.38834, 665.0, 0.2],
['2009.07.0802:15', 1.39063, 1.39067, 1.38991, 1.39002, 646.0, 1],
['2009.07.0802:00', 1.38972, 1.39128, 1.38958, 1.39062, 700.0, 1],
['2009.07.0801:45', 1.38983, 1.38987, 1.38879, 1.3897, 677.0, 1],
['2009.07.0801:30', 1.39061, 1.39063, 1.38975, 1.3898, 554.0, 1],
['2009.07.0801:15', 1.39102, 1.3911, 1.39052, 1.39061, 287.0, 1],
['2009.07.0801:00', 1.3915, 1.39161, 1.39095, 1.39103, 330.0, 1],
['2009.07.0800:45', 1.3917, 1.3918, 1.39127, 1.39146, 260.0, 1],
['2009.07.0800:30', 1.39187, 1.39192, 1.39143, 1.39171, 169.0, 1],
['2009.07.0800:15', 1.39177, 1.39201, 1.39164, 1.39187, 219.0, 1],
['2009.07.0800:00', 1.39198, 1.39199, 1.3916, 1.39175, 222.0, 1],
['2009.07.0723:45', 1.39163, 1.392, 1.39133, 1.39197, 200.0, 1],
['2009.07.0723:30', 1.39216, 1.39216, 1.39146, 1.39179, 173.0, 1],
['2009.07.0723:15', 1.39184, 1.39237, 1.39182, 1.39215, 138.0, 1],
['2009.07.0723:00', 1.39229, 1.3923, 1.39155, 1.39182, 160.0, 1],
['2009.07.0722:45', 1.39279, 1.39284, 1.39137, 1.39228, 379.0, 1],
['2009.07.0722:30', 1.39256, 1.39274, 1.39209, 1.39273, 269.0, 1],
['2009.07.0722:15', 1.39172, 1.39267, 1.39169, 1.39255, 389.0, 1],
['2009.07.0722:00', 1.39109, 1.39175, 1.39108, 1.39171, 428.0, 1],
['2009.07.0721:45', 1.39192, 1.39196, 1.3911, 1.3911, 639.0, 1],
['2009.07.0721:30', 1.39203, 1.39244, 1.3916, 1.39191, 665.0, 1],
['2009.07.0721:15', 1.39192, 1.39234, 1.39119, 1.39205, 823.0, 1],
['2009.07.0721:00', 1.39278, 1.39282, 1.39171, 1.39191, 1070.0, 1],
['2009.07.0720:45', 1.39353, 1.39359, 1.39249, 1.3928, 826.0, 1],
['2009.07.0720:30', 1.39355, 1.39398, 1.39271, 1.39353, 759.0, 1],
['2009.07.0720:15', 1.39416, 1.39416, 1.39291, 1.39359, 779.0, 1],
['2009.07.0720:00', 1.39418, 1.39444, 1.39311, 1.39411, 858.0, 1],
['2009.07.0719:45', 1.39498, 1.39509, 1.3933, 1.39419, 888.0, 0.2],
['2009.07.0719:30', 1.39531, 1.39572, 1.39443, 1.39497, 819.0, 0.2],
['2009.07.0719:15', 1.39543, 1.39592, 1.39491, 1.39527, 796.0, 0.2],
['2009.07.0719:00', 1.39441, 1.39546, 1.39335, 1.39544, 1015.0, 0.2],
['2009.07.0718:45', 1.39293, 1.39444, 1.39286, 1.39444, 1011.0, 0.2],
['2009.07.0718:30', 1.39518, 1.39518, 1.39283, 1.39291, 1282.0, 0.2],
['2009.07.0718:15', 1.39558, 1.39612, 1.39451, 1.39518, 966.0, 0.2],
['2009.07.0718:00', 1.39634, 1.39641, 1.39482, 1.39557, 1076.0, 0.2],
['2009.07.0717:45', 1.39556, 1.3967, 1.39544, 1.39636, 1214.0, 0.2],
['2009.07.0717:30', 1.39634, 1.39666, 1.39537, 1.39561, 1528.0, 0.2],
['2009.07.0717:15', 1.39828, 1.39878, 1.39634, 1.39636, 1421.0, 0.2],
['2009.07.0717:00', 1.4, 1.40011, 1.39828, 1.39829, 1373.0, 0.2],
['2009.07.0716:45', 1.39929, 1.40082, 1.39929, 1.40001, 1403.0, 0.2],
['2009.07.0716:30', 1.39853, 1.3993, 1.398, 1.3993, 1138.0, 0.2],
['2009.07.0716:15', 1.3985, 1.39877, 1.39762, 1.39851, 1499.0, 0.2],
['2009.07.0716:00', 1.39849, 1.39889, 1.39723, 1.39847, 1797.0, 0.2],
['2009.07.0715:45', 1.39848, 1.39942, 1.3983, 1.39848, 1475.0, 0.2],
['2009.07.0715:30', 1.39883, 1.39915, 1.39789, 1.39843, 1538.0, 0.2],
['2009.07.0715:15', 1.40133, 1.40147, 1.39858, 1.39883, 1389.0, 0.2],
['2009.07.0715:00', 1.40191, 1.40219, 1.40065, 1.40133, 1340.0, 0.2],
['2009.07.0714:45', 1.40314, 1.4036, 1.40168, 1.40192, 917.0, 0.2],
['2009.07.0714:30', 1.40277, 1.40355, 1.4026, 1.40313, 1056.0, 0.2],
['2009.07.0714:15', 1.40159, 1.40308, 1.40159, 1.40278, 1016.0, 0.2],
['2009.07.0714:00', 1.40272, 1.40282, 1.40137, 1.40158, 1277.0, 0.2],
['2009.07.0713:45', 1.40451, 1.40498, 1.40272, 1.40276, 1185.0, 0.2],
['2009.07.0713:30', 1.40219, 1.40493, 1.40196, 1.4045, 1496.0, 0.2],
['2009.07.0713:15', 1.40209, 1.40289, 1.4016, 1.40214, 1101.0, 0.2],
['2009.07.0713:00', 1.4013, 1.40206, 1.4009, 1.40206, 1301.0, 0.2],
['2009.07.0712:45', 1.3978, 1.40124, 1.39769, 1.40123, 1495.0, 0.2],
['2009.07.0712:30', 1.39777, 1.39837, 1.39725, 1.39777, 925.0, 0.2],
['2009.07.0712:15', 1.39731, 1.39788, 1.39708, 1.39772, 812.0, 0.2],
['2009.07.0712:00', 1.39841, 1.39974, 1.3973, 1.39733, 1300.0, 0.2],
['2009.07.0711:45', 1.39691, 1.39866, 1.39633, 1.3984, 1127.0, 0.2],
['2009.07.0711:30', 1.39754, 1.39778, 1.39629, 1.39692, 916.0, 0.2],
['2009.07.0711:15', 1.3961, 1.39811, 1.39581, 1.39754, 1353.0, 0.2],
['2009.07.0711:00', 1.39682, 1.39712, 1.39556, 1.39609, 1234.0, 0.2],
['2009.07.0710:45', 1.3944, 1.39684, 1.39427, 1.39681, 1485.0, 0.2],
['2009.07.0710:30', 1.39305, 1.39446, 1.39272, 1.39439, 1198.0, 0.2],
['2009.07.0710:15', 1.39217, 1.39338, 1.39166, 1.39303, 1266.0, 0.2],
['2009.07.0710:00', 1.39255, 1.39265, 1.39176, 1.39216, 1070.0, 0.2],
['2009.07.0709:45', 1.39139, 1.39267, 1.39111, 1.3926, 959.0, 0.2],
['2009.07.0709:30', 1.39101, 1.392, 1.39032, 1.3914, 1480.0, 0.2],
['2009.07.0709:15', 1.39161, 1.39185, 1.39055, 1.39101, 1336.0, 0.2],
['2009.07.0709:00', 1.39343, 1.39386, 1.39128, 1.3916, 1280.0, 0.2],
['2009.07.0708:45', 1.39245, 1.39368, 1.39233, 1.39344, 1030.0, 0.2],
['2009.07.0708:30', 1.39316, 1.39378, 1.39193, 1.3925, 1196.0, 0.2],
['2009.07.0708:15', 1.39609, 1.39617, 1.39258, 1.39312, 1267.0, 0.2],
['2009.07.0708:00', 1.39522, 1.39667, 1.39522, 1.39611, 994.0, 0.2],
['2009.07.0707:45', 1.39639, 1.39695, 1.39514, 1.39522, 760.0, 0.2],
['2009.07.0707:30', 1.39728, 1.39768, 1.39631, 1.39636, 673.0, 0.2],
['2009.07.0707:15', 1.39837, 1.39844, 1.39687, 1.39731, 623.0, 0.2],
['2009.07.0707:00', 1.39808, 1.39858, 1.39769, 1.39839, 551.0, 1],
['2009.07.0706:45', 1.39846, 1.39866, 1.39791, 1.39806, 677.0, 1],
['2009.07.0706:30', 1.39776, 1.39842, 1.39663, 1.39842, 655.0, 1],
['2009.07.0706:15', 1.39698, 1.39778, 1.39692, 1.39777, 329.0, 1],
['2009.07.0706:00', 1.39771, 1.39781, 1.39696, 1.397, 479.0, 1],
['2009.07.0705:45', 1.39744, 1.39798, 1.39728, 1.39774, 407.0, 1],
['2009.07.0705:30', 1.39675, 1.39745, 1.3963, 1.39742, 391.0, 1],
['2009.07.0705:15', 1.39605, 1.39678, 1.39588, 1.39674, 524.0, 1],
['2009.07.0705:00', 1.39628, 1.39653, 1.39572, 1.39603, 369.0, 1],
['2009.07.0704:45', 1.39652, 1.39657, 1.39595, 1.3963, 391.0, 1],
['2009.07.0704:30', 1.39618, 1.39682, 1.39611, 1.39651, 358.0, 1],
['2009.07.0704:15', 1.39649, 1.39684, 1.3961, 1.39618, 510.0, 1],
['2009.07.0704:00', 1.39531, 1.39655, 1.39526, 1.3965, 605.0, 0.2],
['2009.07.0703:45', 1.39615, 1.39631, 1.39488, 1.39533, 656.0, 0.2],
['2009.07.0703:30', 1.39601, 1.397, 1.39588, 1.39615, 663.0, 0.2],
['2009.07.0703:15', 1.39699, 1.3972, 1.39598, 1.39603, 404.0, 0.2],
['2009.07.0703:00', 1.39705, 1.39746, 1.39679, 1.39702, 504.0, 0.2],
['2009.07.0702:45', 1.39778, 1.39797, 1.39683, 1.39703, 615.0, 0.2],
['2009.07.0702:30', 1.39781, 1.39813, 1.39751, 1.39776, 360.0, 0.2],
['2009.07.0702:15', 1.39857, 1.39861, 1.39773, 1.39782, 460.0, 0.2],
['2009.07.0702:00', 1.39922, 1.39933, 1.39848, 1.39857, 336.0, 0.2],
['2009.07.0701:45', 1.39819, 1.39922, 1.39812, 1.3992, 539.0, 0.2],
['2009.07.0701:30', 1.39679, 1.39822, 1.39668, 1.3982, 327.0, 0.2],
['2009.07.0701:15', 1.3973, 1.39766, 1.39657, 1.39681, 258.0, 0.2],
['2009.07.0701:00', 1.39746, 1.39754, 1.39715, 1.39728, 228.0, 1],
['2009.07.0700:45', 1.39663, 1.39757, 1.39653, 1.39747, 214.0, 1],
['2009.07.0700:30', 1.39714, 1.3973, 1.39649, 1.39661, 315.0, 1],
['2009.07.0700:15', 1.3976, 1.39766, 1.39676, 1.39711, 179.0, 1],
['2009.07.0700:00', 1.39736, 1.39759, 1.39705, 1.39758, 158.0, 1],
['2009.07.0623:45', 1.39765, 1.39766, 1.39727, 1.39732, 62.0, 1],
['2009.07.0623:30', 1.39775, 1.39775, 1.39732, 1.39762, 99.0, 1],
['2009.07.0623:15', 1.39836, 1.39836, 1.39775, 1.39775, 101.0, 1],
['2009.07.0623:00', 1.39823, 1.39856, 1.39818, 1.39841, 104.0, 1],
['2009.07.0622:45', 1.39824, 1.39836, 1.39793, 1.3983, 240.0, 1],
['2009.07.0622:30', 1.39819, 1.3983, 1.39784, 1.39823, 219.0, 1],
['2009.07.0622:15', 1.39873, 1.39891, 1.398, 1.3982, 330.0, 1],
['2009.07.0622:00', 1.39784, 1.39881, 1.39766, 1.39873, 386.0, 0.2],
['2009.07.0621:45', 1.39644, 1.39786, 1.39642, 1.39785, 733.0, 0.2],
['2009.07.0621:30', 1.39663, 1.39678, 1.39544, 1.39643, 744.0, 1],
['2009.07.0621:15', 1.39621, 1.39717, 1.39621, 1.39666, 704.0, 1],
['2009.07.0621:00', 1.39598, 1.39681, 1.39579, 1.3962, 602.0, 1],
['2009.07.0620:45', 1.39617, 1.39662, 1.39574, 1.39599, 786.0, 1],
['2009.07.0620:30', 1.39629, 1.39694, 1.39597, 1.39619, 662.0, 1],
['2009.07.0620:15', 1.39613, 1.39664, 1.39533, 1.39628, 726.0, 1],
['2009.07.0620:00', 1.39564, 1.39654, 1.39509, 1.39614, 706.0, 1],
['2009.07.0619:45', 1.39531, 1.39619, 1.39493, 1.39566, 684.0, 1],
['2009.07.0619:30', 1.39594, 1.3965, 1.39525, 1.3953, 773.0, 1],
['2009.07.0619:15', 1.39406, 1.39667, 1.39406, 1.39594, 883.0, 0.2],
['2009.07.0619:00', 1.39313, 1.39406, 1.39266, 1.39406, 583.0, 1],
['2009.07.0618:45', 1.39243, 1.39319, 1.3924, 1.39309, 593.0, 1],
['2009.07.0618:30', 1.39271, 1.39319, 1.39235, 1.39242, 608.0, 1],
['2009.07.0618:15', 1.39319, 1.39377, 1.39268, 1.39269, 663.0, 1],
['2009.07.0618:00', 1.39367, 1.39393, 1.39282, 1.39315, 790.0, 1],
['2009.07.0617:45', 1.39353, 1.39429, 1.39334, 1.39365, 978.0, 1],
['2009.07.0617:30', 1.39289, 1.3936, 1.39235, 1.39353, 863.0, 1],
['2009.07.0617:15', 1.3924, 1.39346, 1.39233, 1.39292, 1163.0, 1],
['2009.07.0617:00', 1.3921, 1.39297, 1.39169, 1.39236, 1122.0, 1],
['2009.07.0616:45', 1.39121, 1.39273, 1.3908, 1.39209, 1410.0, 1],
['2009.07.0616:30', 1.39038, 1.39144, 1.39021, 1.39117, 1563.0, 1],
['2009.07.0616:15', 1.39161, 1.39172, 1.38993, 1.39039, 1780.0, 0.2],
['2009.07.0616:00', 1.39324, 1.39385, 1.39139, 1.39164, 1344.0, 0.2],
['2009.07.0615:45', 1.3924, 1.39325, 1.39181, 1.39301, 1462.0, 0.2],
['2009.07.0615:30', 1.39084, 1.39276, 1.38999, 1.39237, 1941.0, 0.2],
['2009.07.0615:15', 1.3914, 1.3916, 1.39063, 1.39082, 1106.0, 0.2],
['2009.07.0615:00', 1.39169, 1.39171, 1.3905, 1.3914, 1201.0, 0.2],
['2009.07.0614:45', 1.39027, 1.3919, 1.39008, 1.39167, 1157.0, 0.2],
['2009.07.0614:30', 1.39041, 1.39079, 1.38975, 1.39032, 933.0, 0.2],
['2009.07.0614:15', 1.38951, 1.39066, 1.38887, 1.39042, 1244.0, 0.2],
['2009.07.0614:00', 1.38941, 1.39048, 1.38938, 1.38947, 935.0, 0.2],
['2009.07.0613:45', 1.38908, 1.38975, 1.3876, 1.38942, 1085.0, 0.2],
['2009.07.0613:30', 1.38925, 1.38971, 1.38869, 1.38903, 667.0, 0.2],
['2009.07.0613:15', 1.39003, 1.39097, 1.38917, 1.38927, 801.0, 0.2],
['2009.07.0613:00', 1.38869, 1.39006, 1.38809, 1.39, 1125.0, 0.2],
['2009.07.0612:45', 1.38994, 1.39016, 1.38817, 1.38871, 998.0, 0.2],
['2009.07.0612:30', 1.39036, 1.3909, 1.3895, 1.38989, 923.0, 0.2],
['2009.07.0612:15', 1.39064, 1.39076, 1.38975, 1.39034, 754.0, 0.2],
['2009.07.0612:00', 1.39058, 1.39079, 1.39007, 1.39063, 864.0, 0.2],
['2009.07.0611:45', 1.39142, 1.39169, 1.39026, 1.39055, 866.0, 0.2],
['2009.07.0611:30', 1.39118, 1.39178, 1.39109, 1.39142, 1010.0, 0.2],
['2009.07.0611:15', 1.39232, 1.39293, 1.39114, 1.39118, 859.0, 0.2],
['2009.07.0611:00', 1.39285, 1.39352, 1.39224, 1.39232, 610.0, 0.2],
['2009.07.0610:45', 1.3932, 1.39337, 1.39222, 1.39283, 694.0, 0.2],
['2009.07.0610:30', 1.39201, 1.39324, 1.39122, 1.3932, 890.0, 0.2],
['2009.07.0610:15', 1.39328, 1.39345, 1.39172, 1.39202, 1034.0, 0.2],
['2009.07.0610:00', 1.39346, 1.39401, 1.39181, 1.39331, 1287.0, 0.2],
['2009.07.0609:45', 1.39163, 1.39371, 1.39161, 1.39347, 1189.0, 0.2],
['2009.07.0609:30', 1.394, 1.39412, 1.39143, 1.39164, 1593.0, 0.2],
['2009.07.0609:15', 1.39236, 1.39434, 1.39227, 1.39395, 1537.0, 0.2],
['2009.07.0609:00', 1.39363, 1.39472, 1.3914, 1.39232, 1932.0, 0.2],
['2009.07.0608:45', 1.39521, 1.39595, 1.3936, 1.39367, 1501.0, 0.2],
['2009.07.0608:30', 1.39688, 1.39716, 1.39512, 1.3952, 1047.0, 0.2],
['2009.07.0608:15', 1.39723, 1.39743, 1.39636, 1.39692, 859.0, 0.2],
['2009.07.0608:00', 1.39758, 1.39859, 1.39654, 1.39722, 972.0, 0.2],
['2009.07.0607:45', 1.39846, 1.39853, 1.39711, 1.39754, 579.0, 0.2],
['2009.07.0607:30', 1.39915, 1.39977, 1.39816, 1.39844, 640.0, 1],
['2009.07.0607:15', 1.39845, 1.39945, 1.3984, 1.39913, 547.0, 1],
['2009.07.0607:00', 1.39793, 1.39851, 1.39754, 1.39843, 268.0, 1],
['2009.07.0606:45', 1.39806, 1.3983, 1.39737, 1.39792, 292.0, 1],
['2009.07.0606:30', 1.39804, 1.39841, 1.39797, 1.3981, 271.0, 1],
['2009.07.0606:15', 1.39785, 1.39856, 1.39766, 1.39805, 526.0, 1],
['2009.07.0606:00', 1.3969, 1.39796, 1.39687, 1.39786, 416.0, 1],
['2009.07.0605:45', 1.39654, 1.39712, 1.39645, 1.39692, 356.0, 1],
['2009.07.0605:30', 1.39681, 1.39682, 1.39608, 1.39648, 405.0, 1],
['2009.07.0605:15', 1.39667, 1.39717, 1.39657, 1.39682, 359.0, 1],
['2009.07.0605:00', 1.39685, 1.39762, 1.39648, 1.39666, 404.0, 1],
['2009.07.0604:45', 1.39638, 1.39715, 1.39588, 1.39683, 489.0, 1],
['2009.07.0604:30', 1.39656, 1.39659, 1.39521, 1.39637, 972.0, 1],
['2009.07.0604:15', 1.39776, 1.39823, 1.39639, 1.3966, 527.0, 0.2],
['2009.07.0604:00', 1.39752, 1.39797, 1.39719, 1.39774, 519.0, 0.2],
['2009.07.0603:45', 1.39841, 1.39858, 1.3971, 1.3975, 854.0, 0.2],
['2009.07.0603:30', 1.39742, 1.3985, 1.39659, 1.39843, 615.0, 0.2],
['2009.07.0603:15', 1.39683, 1.39745, 1.39649, 1.39741, 390.0, 0.2],
['2009.07.0603:00', 1.39693, 1.39755, 1.39677, 1.39677, 272.0, 0.2],
['2009.07.0602:45', 1.39766, 1.39775, 1.39693, 1.39693, 371.0, 0.2],
['2009.07.0602:30', 1.39618, 1.39772, 1.396, 1.39764, 592.0, 0.2],
['2009.07.0602:15', 1.39623, 1.39635, 1.39584, 1.39619, 216.0, 1],
['2009.07.0602:00', 1.39604, 1.39635, 1.39558, 1.39627, 358.0, 1],
['2009.07.0601:45', 1.39547, 1.39609, 1.39542, 1.39609, 330.0, 1],
['2009.07.0601:30', 1.39571, 1.39572, 1.39535, 1.39547, 135.0, 1],
['2009.07.0601:15', 1.39631, 1.39631, 1.39533, 1.39568, 343.0, 1],
['2009.07.0601:00', 1.39568, 1.39666, 1.3956, 1.3963, 282.0, 1],
['2009.07.0600:45', 1.39595, 1.39597, 1.39528, 1.39567, 321.0, 1],
['2009.07.0600:30', 1.39676, 1.39676, 1.3958, 1.39594, 251.0, 1],
['2009.07.0600:15', 1.39617, 1.39686, 1.39607, 1.39681, 168.0, 1],
['2009.07.0600:00', 1.39551, 1.39612, 1.39551, 1.39612, 93.0, 1],
['2009.07.0322:45', 1.39772, 1.39836, 1.39742, 1.39797, 141.0, 1],
['2009.07.0322:30', 1.39719, 1.39784, 1.39706, 1.39771, 126.0, 1],
['2009.07.0322:15', 1.39732, 1.39736, 1.39698, 1.39714, 108.0, 1],
['2009.07.0322:00', 1.39762, 1.39782, 1.3972, 1.39734, 205.0, 1],
['2009.07.0321:45', 1.39634, 1.3977, 1.39632, 1.39764, 267.0, 0.2],
['2009.07.0321:30', 1.39769, 1.39796, 1.39627, 1.39635, 253.0, 0.2],
['2009.07.0321:15', 1.39781, 1.39816, 1.39771, 1.39771, 86.0, 0.2],
['2009.07.0321:00', 1.39758, 1.39806, 1.39756, 1.39778, 69.0, 1],
['2009.07.0320:45', 1.39836, 1.39851, 1.39758, 1.39759, 82.0, 1],
['2009.07.0320:30', 1.39848, 1.39871, 1.39826, 1.39837, 48.0, 1],
['2009.07.0320:15', 1.39816, 1.39863, 1.39811, 1.39852, 48.0, 1],
['2009.07.0320:00', 1.39836, 1.399, 1.39821, 1.39826, 109.0, 1],
['2009.07.0319:45', 1.39817, 1.39846, 1.39816, 1.39831, 45.0, 1],
['2009.07.0319:30', 1.39818, 1.39836, 1.39794, 1.39821, 121.0, 1],
['2009.07.0319:15', 1.39815, 1.39831, 1.39796, 1.39817, 111.0, 1],
['2009.07.0319:00', 1.39858, 1.39875, 1.39774, 1.3982, 105.0, 1],
['2009.07.0318:45', 1.39781, 1.39856, 1.39749, 1.39856, 141.0, 1],
['2009.07.0318:30', 1.39789, 1.39811, 1.39726, 1.39774, 259.0, 1],
['2009.07.0318:15', 1.39903, 1.39921, 1.39773, 1.39794, 320.0, 0.2],
['2009.07.0318:00', 1.39893, 1.39946, 1.39873, 1.3992, 229.0, 0.2],
['2009.07.0317:45', 1.39847, 1.39894, 1.3982, 1.39891, 228.0, 0.2],
['2009.07.0317:30', 1.39994, 1.40007, 1.39815, 1.39856, 421.0, 0.2],
['2009.07.0317:15', 1.3997, 1.40014, 1.39928, 1.39994, 554.0, 1],
['2009.07.0317:00', 1.40011, 1.40028, 1.39925, 1.39972, 669.0, 1],
['2009.07.0316:45', 1.4007, 1.40074, 1.40013, 1.40013, 550.0, 1],
['2009.07.0316:30', 1.40036, 1.40084, 1.4001, 1.40069, 338.0, 1],
['2009.07.0316:15', 1.40038, 1.40049, 1.40018, 1.40037, 430.0, 1],
['2009.07.0316:00', 1.4004, 1.40117, 1.4003, 1.40033, 615.0, 1],
['2009.07.0315:45', 1.4007, 1.40094, 1.40032, 1.40041, 652.0, 1],
['2009.07.0315:30', 1.4001, 1.40074, 1.39981, 1.40071, 497.0, 1],
['2009.07.0315:15', 1.40028, 1.40046, 1.39998, 1.40006, 477.0, 1],
['2009.07.0315:00', 1.40033, 1.40055, 1.40028, 1.40031, 268.0, 1],
['2009.07.0314:45', 1.40041, 1.40041, 1.40013, 1.40033, 332.0, 1],
['2009.07.0314:30', 1.4004, 1.40051, 1.39984, 1.40041, 575.0, 1],
['2009.07.0314:15', 1.40085, 1.40099, 1.40022, 1.40044, 511.0, 1],
['2009.07.0314:00', 1.40042, 1.40104, 1.40041, 1.40084, 574.0, 1],
['2009.07.0313:45', 1.40132, 1.40157, 1.40044, 1.40044, 648.0, 0.2],
['2009.07.0313:30', 1.40016, 1.40161, 1.4001, 1.40136, 943.0, 0.2],
['2009.07.0313:15', 1.39922, 1.40073, 1.39922, 1.40018, 832.0, 0.2],
['2009.07.0313:00', 1.39878, 1.39968, 1.39872, 1.39919, 605.0, 0.2],
['2009.07.0312:45', 1.39919, 1.39994, 1.39848, 1.3988, 1028.0, 0.2],
['2009.07.0312:30', 1.39891, 1.39945, 1.39813, 1.39922, 1008.0, 0.2],
['2009.07.0312:15', 1.39844, 1.39926, 1.39844, 1.3989, 849.0, 0.2],
['2009.07.0312:00', 1.3993, 1.39991, 1.39839, 1.39843, 748.0, 0.2],
['2009.07.0311:45', 1.39987, 1.39995, 1.39897, 1.39925, 1035.0, 0.2],
['2009.07.0311:30', 1.39957, 1.40022, 1.39931, 1.39985, 589.0, 0.2],
['2009.07.0311:15', 1.40052, 1.40058, 1.3996, 1.3996, 787.0, 0.2],
['2009.07.0311:00', 1.39934, 1.40068, 1.39889, 1.40052, 699.0, 0.2],
['2009.07.0310:45', 1.39984, 1.4002, 1.39923, 1.39929, 926.0, 0.2],
['2009.07.0310:30', 1.39892, 1.39993, 1.39892, 1.39987, 1034.0, 0.2],
['2009.07.0310:15', 1.39988, 1.40027, 1.39812, 1.3989, 1277.0, 0.2],
['2009.07.0310:00', 1.40102, 1.4012, 1.39962, 1.39987, 975.0, 0.2],
['2009.07.0309:45', 1.40001, 1.40108, 1.40001, 1.40106, 981.0, 0.2],
['2009.07.0309:30', 1.40093, 1.40148, 1.39971, 1.39998, 857.0, 0.2],
['2009.07.0309:15', 1.40071, 1.40153, 1.40041, 1.4009, 1001.0, 0.2],
['2009.07.0309:00', 1.4023, 1.40237, 1.40059, 1.40077, 966.0, 0.2],
['2009.07.0308:45', 1.40178, 1.40274, 1.40152, 1.40231, 1084.0, 0.2],
['2009.07.0308:30', 1.40141, 1.40182, 1.4008, 1.40179, 727.0, 0.2],
['2009.07.0308:15', 1.40155, 1.40168, 1.40066, 1.4014, 906.0, 0.2],
['2009.07.0308:00', 1.39991, 1.40179, 1.39964, 1.40155, 1221.0, 0.2],
['2009.07.0307:45', 1.39989, 1.4, 1.39942, 1.39992, 533.0, 0.2],
['2009.07.0307:30', 1.39874, 1.40048, 1.39874, 1.39993, 665.0, 0.2],
['2009.07.0307:15', 1.39889, 1.39889, 1.39857, 1.39884, 358.0, 1],
['2009.07.0307:00', 1.3991, 1.39951, 1.3986, 1.3989, 435.0, 1],
['2009.07.0306:45', 1.39944, 1.39944, 1.39861, 1.39915, 502.0, 1],
['2009.07.0306:30', 1.3991, 1.40035, 1.39908, 1.39946, 592.0, 1],
['2009.07.0306:15', 1.39881, 1.39918, 1.39852, 1.39911, 476.0, 1],
['2009.07.0306:00', 1.39819, 1.39897, 1.39816, 1.39884, 601.0, 1],
['2009.07.0305:45', 1.39819, 1.39835, 1.39784, 1.39817, 423.0, 1],
['2009.07.0305:30', 1.39856, 1.39867, 1.39807, 1.3982, 469.0, 1],
['2009.07.0305:15', 1.39855, 1.39871, 1.39841, 1.39857, 420.0, 1],
['2009.07.0305:00', 1.39889, 1.3992, 1.39851, 1.39851, 316.0, 1],
['2009.07.0304:45', 1.39875, 1.39938, 1.39856, 1.3989, 377.0, 1],
['2009.07.0304:30', 1.39854, 1.39877, 1.39827, 1.39875, 331.0, 1],
['2009.07.0304:15', 1.39883, 1.39915, 1.39824, 1.39853, 602.0, 1],
['2009.07.0304:00', 1.3989, 1.39903, 1.39848, 1.39881, 518.0, 1],
['2009.07.0303:45', 1.39735, 1.39913, 1.39709, 1.39891, 734.0, 0.2],
['2009.07.0303:30', 1.39628, 1.39737, 1.39608, 1.3973, 521.0, 0.2],
['2009.07.0303:15', 1.39662, 1.3967, 1.39617, 1.3963, 343.0, 0.2],
['2009.07.0303:00', 1.39681, 1.39707, 1.39648, 1.39661, 498.0, 0.2],
['2009.07.0302:45', 1.39603, 1.3976, 1.39603, 1.39682, 464.0, 0.2],
['2009.07.0302:30', 1.39611, 1.39658, 1.39583, 1.39602, 458.0, 0.2],
['2009.07.0302:15', 1.39591, 1.39612, 1.3951, 1.39612, 580.0, 0.2],
['2009.07.0302:00', 1.39617, 1.39628, 1.39547, 1.39594, 573.0, 0.2],
['2009.07.0301:45', 1.39466, 1.39625, 1.3945, 1.39616, 410.0, 0.2],
['2009.07.0301:30', 1.39534, 1.39546, 1.39437, 1.39465, 297.0, 0.2],
['2009.07.0301:15', 1.39531, 1.39554, 1.3947, 1.39531, 384.0, 0.2],
['2009.07.0301:00', 1.39573, 1.39625, 1.39497, 1.39526, 375.0, 0.2],
['2009.07.0300:45', 1.39528, 1.3958, 1.3949, 1.39569, 302.0, 0.2],
['2009.07.0300:30', 1.39508, 1.39563, 1.39487, 1.3953, 445.0, 0.2],
['2009.07.0300:15', 1.39578, 1.39583, 1.39486, 1.39504, 220.0, 0.2],
['2009.07.0300:00', 1.39494, 1.39606, 1.39468, 1.39584, 407.0, 0.2],
['2009.07.0223:45', 1.39463, 1.39498, 1.39273, 1.39495, 434.0, 0.2],
['2009.07.0223:30', 1.39445, 1.39551, 1.39365, 1.39475, 652.0, 0.2],
['2009.07.0223:15', 1.40003, 1.40003, 1.39295, 1.39442, 630.0, 0.2],
['2009.07.0223:00', 1.40022, 1.40035, 1.39974, 1.40002, 173.0, 0.2],
['2009.07.0222:45', 1.39976, 1.40028, 1.39959, 1.40019, 314.0, 0.2],
['2009.07.0222:30', 1.39994, 1.40017, 1.39968, 1.39973, 352.0, 0.2],
['2009.07.0222:15', 1.40049, 1.40074, 1.39989, 1.39996, 292.0, 0.2],
['2009.07.0222:00', 1.3999, 1.40051, 1.39985, 1.40051, 301.0, 0.2],
['2009.07.0221:45', 1.40046, 1.40094, 1.39989, 1.39991, 470.0, 0.2],
['2009.07.0221:30', 1.40087, 1.40089, 1.40021, 1.40047, 521.0, 0.2],
['2009.07.0221:15', 1.40254, 1.40254, 1.40058, 1.40089, 560.0, 0.2],
['2009.07.0221:00', 1.40257, 1.40271, 1.40214, 1.40255, 465.0, 0.2],
['2009.07.0220:45', 1.40234, 1.40267, 1.40189, 1.40257, 560.0, 0.2],
['2009.07.0220:30', 1.40191, 1.40243, 1.40181, 1.40234, 496.0, 0.2],
['2009.07.0220:15', 1.40168, 1.40226, 1.40131, 1.40193, 578.0, 0.2],
['2009.07.0220:00', 1.40255, 1.40255, 1.40163, 1.40166, 619.0, 0.2],
['2009.07.0219:45', 1.40183, 1.40287, 1.40181, 1.40254, 937.0, 0.2],
['2009.07.0219:30', 1.40112, 1.40207, 1.40059, 1.40185, 745.0, 0.2],
['2009.07.0219:15', 1.40146, 1.40182, 1.40105, 1.40112, 616.0, 0.2],
['2009.07.0219:00', 1.4012, 1.40216, 1.40083, 1.40145, 639.0, 0.2],
['2009.07.0218:45', 1.401, 1.40119, 1.4005, 1.40116, 594.0, 0.2],
['2009.07.0218:30', 1.40104, 1.40123, 1.4001, 1.40099, 680.0, 0.2],
['2009.07.0218:15', 1.40066, 1.40126, 1.40019, 1.40107, 719.0, 0.2],
['2009.07.0218:00', 1.40161, 1.40165, 1.40003, 1.40066, 1060.0, 0.2],
['2009.07.0217:45', 1.3997, 1.40177, 1.39885, 1.40163, 1573.0, 0.2],
['2009.07.0217:30', 1.40043, 1.40075, 1.39938, 1.3997, 1504.0, 0.2],
['2009.07.0217:15', 1.40216, 1.40232, 1.40036, 1.40042, 1416.0, 0.2],
['2009.07.0217:00', 1.40174, 1.40298, 1.40152, 1.40223, 1466.0, 0.2],
['2009.07.0216:45', 1.40205, 1.40327, 1.40083, 1.40173, 1725.0, 0.2],
['2009.07.0216:30', 1.40051, 1.40244, 1.39983, 1.40203, 1776.0, 0.2],
['2009.07.0216:15', 1.40111, 1.40168, 1.39997, 1.40051, 1869.0, 0.2],
['2009.07.0216:00', 1.4027, 1.40338, 1.4004, 1.4011, 2267.0, 0.2],
['2009.07.0215:45', 1.4015, 1.40384, 1.4014, 1.40271, 2001.0, 0.2],
['2009.07.0215:30', 1.40393, 1.40393, 1.40117, 1.40149, 1991.0, 0.2],
['2009.07.0215:15', 1.40438, 1.40518, 1.40328, 1.40392, 1548.0, 0.2],
['2009.07.0215:00', 1.40448, 1.40625, 1.40362, 1.40442, 2282.0, 0.2],
['2009.07.0214:45', 1.40332, 1.40543, 1.40172, 1.40446, 2195.0, 0.2],
['2009.07.0214:30', 1.40534, 1.40631, 1.40146, 1.40336, 2029.0, 0.2],
['2009.07.0214:15', 1.40494, 1.40531, 1.40381, 1.40511, 1207.0, 0.2],
['2009.07.0214:00', 1.40715, 1.40719, 1.40492, 1.40492, 1086.0, 0.2],
['2009.07.0213:45', 1.40661, 1.40815, 1.40636, 1.40716, 762.0, 0.2],
['2009.07.0213:30', 1.40622, 1.40691, 1.40573, 1.40658, 1160.0, 0.2],
['2009.07.0213:15', 1.40583, 1.40708, 1.40545, 1.40625, 1436.0, 0.2],
['2009.07.0213:00', 1.4067, 1.40718, 1.4046, 1.40581, 1530.0, 0.2],
['2009.07.0212:45', 1.4073, 1.40749, 1.40671, 1.40672, 1091.0, 0.2],
['2009.07.0212:30', 1.40738, 1.40849, 1.4068, 1.40725, 1494.0, 0.2],
['2009.07.0212:15', 1.40873, 1.40874, 1.40675, 1.40735, 1418.0, 0.2],
['2009.07.0212:00', 1.4086, 1.40922, 1.40781, 1.40877, 1329.0, 0.2],
['2009.07.0211:45', 1.40992, 1.41018, 1.40848, 1.40862, 1429.0, 0.2],
['2009.07.0211:30', 1.41045, 1.41079, 1.4095, 1.40994, 1415.0, 0.2],
['2009.07.0211:15', 1.40909, 1.41086, 1.4089, 1.41048, 1342.0, 0.2],
['2009.07.0211:00', 1.40944, 1.40947, 1.40833, 1.40908, 939.0, 0.2],
['2009.07.0210:45', 1.40963, 1.40987, 1.40919, 1.40941, 1119.0, 0.2],
['2009.07.0210:30', 1.4091, 1.41, 1.40883, 1.40965, 1553.0, 0.2],
['2009.07.0210:15', 1.41018, 1.4104, 1.40867, 1.40909, 1321.0, 0.2],
['2009.07.0210:00', 1.40901, 1.41035, 1.4087, 1.41019, 1458.0, 0.2],
['2009.07.0209:45', 1.40884, 1.40952, 1.40827, 1.40902, 1611.0, 0.2],
['2009.07.0209:30', 1.41031, 1.41038, 1.4081, 1.40881, 1880.0, 0.2],
['2009.07.0209:15', 1.40937, 1.4105, 1.40862, 1.41031, 1575.0, 0.2],
['2009.07.0209:00', 1.41002, 1.41008, 1.40856, 1.40936, 1466.0, 0.2],
['2009.07.0208:45', 1.41155, 1.41206, 1.40931, 1.41, 1333.0, 0.2],
['2009.07.0208:30', 1.4119, 1.41211, 1.41101, 1.41155, 1018.0, 1],
['2009.07.0208:15', 1.41141, 1.41243, 1.4107, 1.41188, 1189.0, 1],
['2009.07.0208:00', 1.41119, 1.4115, 1.4102, 1.41139, 1026.0, 1],
['2009.07.0207:45', 1.41129, 1.4119, 1.41084, 1.41118, 701.0, 1],
['2009.07.0207:30', 1.41164, 1.41273, 1.41073, 1.41131, 853.0, 1],
['2009.07.0207:15', 1.41159, 1.4118, 1.4114, 1.41168, 342.0, 1],
['2009.07.0207:00', 1.41101, 1.41194, 1.411, 1.41158, 621.0, 1],
['2009.07.0206:45', 1.41118, 1.41133, 1.4106, 1.41104, 747.0, 1],
['2009.07.0206:30', 1.41088, 1.41148, 1.41088, 1.41119, 568.0, 1],
['2009.07.0206:15', 1.4106, 1.41099, 1.41058, 1.41087, 558.0, 1],
['2009.07.0206:00', 1.4113, 1.41157, 1.41057, 1.41062, 473.0, 1],
['2009.07.0205:45', 1.41068, 1.41135, 1.4105, 1.41131, 487.0, 1],
['2009.07.0205:30', 1.41065, 1.41136, 1.41049, 1.41067, 401.0, 1],
['2009.07.0205:15', 1.41124, 1.41127, 1.41024, 1.41064, 683.0, 1],
['2009.07.0205:00', 1.4116, 1.41205, 1.41097, 1.41121, 429.0, 1],
['2009.07.0204:45', 1.41081, 1.41176, 1.41079, 1.41163, 290.0, 1],
['2009.07.0204:30', 1.41115, 1.41179, 1.41044, 1.41081, 845.0, 1],
['2009.07.0204:15', 1.41328, 1.41332, 1.41016, 1.41115, 826.0, 0.2],
['2009.07.0204:00', 1.41318, 1.41375, 1.41309, 1.41331, 531.0, 1],
['2009.07.0203:45', 1.4126, 1.41357, 1.4125, 1.41317, 659.0, 1],
['2009.07.0203:30', 1.41277, 1.41294, 1.41222, 1.41261, 512.0, 1],
['2009.07.0203:15', 1.41231, 1.41296, 1.41203, 1.41275, 462.0, 1],
['2009.07.0203:00', 1.4127, 1.41273, 1.41126, 1.41232, 867.0, 1],
['2009.07.0202:45', 1.41319, 1.41322, 1.41231, 1.41273, 747.0, 1],
['2009.07.0202:30', 1.41416, 1.41416, 1.41308, 1.41318, 423.0, 1],
['2009.07.0202:15', 1.41448, 1.41476, 1.41345, 1.41414, 458.0, 1],
['2009.07.0202:00', 1.41451, 1.41474, 1.41406, 1.41453, 414.0, 0.2],
['2009.07.0201:45', 1.41364, 1.41458, 1.41364, 1.41452, 270.0, 0.2],
['2009.07.0201:30', 1.41443, 1.41443, 1.41317, 1.41363, 373.0, 0.2],
['2009.07.0201:15', 1.41367, 1.41464, 1.41344, 1.41446, 335.0, 0.2],
['2009.07.0201:00', 1.4135, 1.41402, 1.41314, 1.41367, 474.0, 0.2],
['2009.07.0200:45', 1.4134, 1.41413, 1.41329, 1.41354, 366.0, 0.2],
['2009.07.0200:30', 1.41393, 1.41428, 1.41299, 1.41337, 551.0, 0.2],
['2009.07.0200:15', 1.41503, 1.4153, 1.41332, 1.41392, 628.0, 0.2],
['2009.07.0200:00', 1.41475, 1.41517, 1.41474, 1.41502, 207.0, 0.2],
['2009.07.0123:45', 1.41421, 1.41537, 1.41421, 1.41529, 190.0, 0.2],
['2009.07.0123:30', 1.41513, 1.41536, 1.41413, 1.41416, 189.0, 0.2],
['2009.07.0123:15', 1.41474, 1.41515, 1.4147, 1.41515, 102.0, 0.2],
['2009.07.0123:00', 1.41404, 1.41502, 1.41363, 1.41477, 229.0, 0.2],
['2009.07.0122:45', 1.41462, 1.41473, 1.41375, 1.41406, 362.0, 0.2],
['2009.07.0122:30', 1.41467, 1.41476, 1.41449, 1.41465, 198.0, 0.2],
['2009.07.0122:15', 1.41452, 1.415, 1.41449, 1.41462, 118.0, 0.2],
['2009.07.0122:00', 1.41415, 1.41482, 1.41415, 1.41452, 229.0, 0.2],
['2009.07.0121:45', 1.41533, 1.41541, 1.41408, 1.41411, 620.0, 0.2],
['2009.07.0121:30', 1.41521, 1.41554, 1.41492, 1.41534, 550.0, 0.2],
['2009.07.0121:15', 1.41503, 1.41592, 1.41502, 1.41523, 756.0, 0.2],
['2009.07.0121:00', 1.4148, 1.41574, 1.41472, 1.41503, 628.0, 0.2],
['2009.07.0120:45', 1.41584, 1.41597, 1.41453, 1.41475, 608.0, 0.2],
['2009.07.0120:30', 1.41658, 1.41672, 1.41581, 1.41585, 505.0, 0.2],
['2009.07.0120:15', 1.41616, 1.41712, 1.41586, 1.41659, 766.0, 0.2],
['2009.07.0120:00', 1.41715, 1.41724, 1.41558, 1.41619, 755.0, 0.2],
['2009.07.0119:45', 1.41656, 1.41716, 1.41609, 1.41716, 714.0, 0.2],
['2009.07.0119:30', 1.41687, 1.41775, 1.41611, 1.41659, 806.0, 0.2],
['2009.07.0119:15', 1.41766, 1.41787, 1.41663, 1.41689, 559.0, 0.2],
['2009.07.0119:00', 1.41607, 1.41782, 1.41601, 1.41765, 684.0, 0.2],
['2009.07.0118:45', 1.41798, 1.41803, 1.41599, 1.41607, 794.0, 0.2],
['2009.07.0118:30', 1.41787, 1.41871, 1.41735, 1.41801, 906.0, 0.2],
['2009.07.0118:15', 1.41704, 1.41831, 1.41682, 1.41781, 1271.0, 0.2],
['2009.07.0118:00', 1.4165, 1.41965, 1.4153, 1.41702, 1963.0, 0.2],
['2009.07.0117:45', 1.41252, 1.4165, 1.41252, 1.4165, 1304.0, 0.2],
['2009.07.0117:30', 1.41288, 1.41391, 1.41242, 1.4125, 1354.0, 0.2],
['2009.07.0117:15', 1.41474, 1.41474, 1.41287, 1.41287, 1418.0, 0.2],
['2009.07.0117:00', 1.41299, 1.41482, 1.41275, 1.41475, 1636.0, 0.2],
['2009.07.0116:45', 1.41442, 1.4146, 1.41274, 1.41296, 1582.0, 0.2],
['2009.07.0116:30', 1.41531, 1.41543, 1.41414, 1.41441, 1627.0, 0.2],
['2009.07.0116:15', 1.41374, 1.41629, 1.41373, 1.4153, 1874.0, 0.2],
['2009.07.0116:00', 1.41446, 1.41535, 1.4133, 1.41371, 1358.0, 0.2],
['2009.07.0115:45', 1.41512, 1.41627, 1.41452, 1.41466, 1406.0, 0.2],
['2009.07.0115:30', 1.41559, 1.41626, 1.41438, 1.41514, 1812.0, 0.2],
['2009.07.0115:15', 1.41327, 1.41688, 1.41303, 1.41561, 2137.0, 0.2],
['2009.07.0115:00', 1.41348, 1.4136, 1.41213, 1.41325, 1539.0, 0.2],
['2009.07.0114:45', 1.41087, 1.41346, 1.41021, 1.41346, 1582.0, 0.2],
['2009.07.0114:30', 1.41168, 1.41208, 1.41042, 1.41084, 1860.0, 0.2],
['2009.07.0114:15', 1.41015, 1.41188, 1.40714, 1.41161, 2889.0, 0.2],
['2009.07.0114:00', 1.4069, 1.41014, 1.4069, 1.41014, 1573.0, 0.2],
['2009.07.0113:45', 1.40631, 1.40697, 1.40591, 1.40687, 849.0, 0.2],
['2009.07.0113:30', 1.40542, 1.4066, 1.40527, 1.40634, 605.0, 0.2],
['2009.07.0113:15', 1.4053, 1.40588, 1.4045, 1.40531, 738.0, 0.2],
['2009.07.0113:00', 1.40615, 1.4064, 1.40472, 1.4053, 1062.0, 0.2],
['2009.07.0112:45', 1.40681, 1.40719, 1.40617, 1.40617, 686.0, 0.2],
['2009.07.0112:30', 1.40733, 1.40756, 1.40657, 1.40681, 995.0, 0.2],
['2009.07.0112:15', 1.40616, 1.40753, 1.40606, 1.40735, 450.0, 0.2],
['2009.07.0112:00', 1.40654, 1.40721, 1.40616, 1.40618, 467.0, 0.2],
['2009.07.0111:45', 1.40657, 1.40681, 1.40593, 1.40651, 408.0, 1],
['2009.07.0111:30', 1.40611, 1.40684, 1.40556, 1.4066, 555.0, 1],
['2009.07.0111:15', 1.40652, 1.40706, 1.4058, 1.40612, 527.0, 1],
['2009.07.0111:00', 1.40739, 1.40751, 1.40631, 1.40656, 479.0, 1],
['2009.07.0110:45', 1.40676, 1.4075, 1.40661, 1.40731, 515.0, 1],
['2009.07.0110:30', 1.40668, 1.40758, 1.40631, 1.40677, 813.0, 1],
['2009.07.0110:15', 1.40722, 1.40727, 1.40615, 1.40667, 1228.0, 1],
['2009.07.0110:00', 1.40781, 1.40832, 1.40668, 1.40722, 820.0, 1],
['2009.07.0109:45', 1.4072, 1.40802, 1.40697, 1.40791, 829.0, 1],
['2009.07.0109:30', 1.40741, 1.40866, 1.40714, 1.4072, 1579.0, 1],
['2009.07.0109:15', 1.40661, 1.40757, 1.40578, 1.40742, 1196.0, 1],
['2009.07.0109:00', 1.40611, 1.40757, 1.40575, 1.40663, 1642.0, 1],
['2009.07.0108:45', 1.40377, 1.40661, 1.4026, 1.40615, 1379.0, 0.2],
['2009.07.0108:30', 1.40356, 1.40414, 1.4035, 1.40378, 791.0, 0.2],
['2009.07.0108:15', 1.40332, 1.40424, 1.4029, 1.40355, 1048.0, 0.2],
['2009.07.0108:00', 1.40267, 1.4045, 1.40255, 1.40329, 878.0, 0.2],
['2009.07.0107:45', 1.40282, 1.40331, 1.40177, 1.40266, 587.0, 0.2],
['2009.07.0107:30', 1.40209, 1.40339, 1.40172, 1.40279, 862.0, 0.2],
['2009.07.0107:15', 1.40391, 1.40393, 1.40186, 1.40213, 773.0, 0.2],
['2009.07.0107:00', 1.40336, 1.40413, 1.40298, 1.40389, 537.0, 0.2],
['2009.07.0106:45', 1.40358, 1.40379, 1.40318, 1.40333, 453.0, 0.2],
['2009.07.0106:30', 1.40332, 1.40388, 1.4029, 1.40357, 463.0, 0.2],
['2009.07.0106:15', 1.40387, 1.40397, 1.40318, 1.40333, 352.0, 0.2],
['2009.07.0106:00', 1.40345, 1.404, 1.40341, 1.40386, 453.0, 0.2],
['2009.07.0105:45', 1.40418, 1.40453, 1.40338, 1.4034, 614.0, 0.2],
['2009.07.0105:30', 1.40308, 1.40428, 1.40306, 1.4042, 668.0, 0.2],
['2009.07.0105:15', 1.40285, 1.40326, 1.40259, 1.40307, 435.0, 0.2],
['2009.07.0105:00', 1.40321, 1.40335, 1.4025, 1.40286, 535.0, 0.2],
['2009.07.0104:45', 1.40243, 1.40357, 1.40216, 1.4032, 469.0, 0.2],
['2009.07.0104:30', 1.40262, 1.40266, 1.40198, 1.40239, 476.0, 0.2],
['2009.07.0104:15', 1.40258, 1.40259, 1.40142, 1.40259, 591.0, 0.2],
['2009.07.0104:00', 1.40121, 1.4026, 1.40114, 1.4026, 478.0, 0.2],
['2009.07.0103:45', 1.40105, 1.4015, 1.40082, 1.40116, 414.0, 0.2],
['2009.07.0103:30', 1.40133, 1.40229, 1.40009, 1.40107, 791.0, 0.2],
['2009.07.0103:15', 1.40103, 1.40171, 1.40103, 1.40137, 426.0, 0.2],
['2009.07.0103:00', 1.40324, 1.40338, 1.40061, 1.40101, 864.0, 0.2],
['2009.07.0102:45', 1.40379, 1.40396, 1.40312, 1.40323, 332.0, 0.2],
['2009.07.0102:30', 1.40429, 1.40458, 1.40363, 1.40375, 321.0, 0.2],
['2009.07.0102:15', 1.40373, 1.40433, 1.40308, 1.40429, 362.0, 0.2],
['2009.07.0102:00', 1.404, 1.40434, 1.40302, 1.40372, 636.0, 0.2],
['2009.07.0101:45', 1.40428, 1.40436, 1.40359, 1.40401, 364.0, 0.2],
['2009.07.0101:30', 1.4048, 1.40531, 1.40419, 1.40425, 422.0, 0.2],
['2009.07.0101:15', 1.40347, 1.40522, 1.40334, 1.40483, 336.0, 0.2],
['2009.07.0101:00', 1.40372, 1.40413, 1.40347, 1.40349, 338.0, 0.2],
['2009.07.0100:45', 1.40343, 1.4038, 1.40334, 1.4037, 249.0, 0.2],
['2009.07.0100:30', 1.40334, 1.40361, 1.40324, 1.40344, 129.0, 0.2],
['2009.07.0100:15', 1.40363, 1.40385, 1.40327, 1.40338, 152.0, 0.2],
['2009.07.0100:00', 1.40355, 1.40368, 1.40316, 1.40361, 178.0, 0.2],
]